 LON  
 -79.00 -78.00 -77.00 -76.00 -75.00 -74.00 -73.00 -72.00 -71.00 -70.00
 -79.00 -78.00 -77.00 -76.00 -75.00 -74.00 -73.00 -72.00 -71.00 -70.00
 -79.00 -78.00 -77.00 -76.00 -75.00 -74.00 -73.00 -72.00 -71.00 -70.00
 -79.00 -78.00 -77.00 -76.00 -75.00 -74.00 -73.00 -72.00 -71.00 -70.00
 -79.00 -78.00 -77.00 -76.00 -75.00 -74.00 -73.00 -72.00 -71.00 -70.00
 -79.00 -78.00 -77.00 -76.00 -75.00 -74.00 -73.00 -72.00 -71.00 -70.00
 -79.00 -78.00 -77.00 -76.00 -75.00 -74.00 -73.00 -72.00 -71.00 -70.00
 -79.00 -78.00 -77.00 -76.00 -75.00 -74.00 -73.00 -72.00 -71.00 -70.00
 -79.00 -78.00 -77.00 -76.00 -75.00 -74.00 -73.00 -72.00 -71.00 -70.00
 -79.00 -78.00 -77.00 -76.00 -75.00 -74.00 -73.00 -72.00 -71.00 -70.00
 LAT  
  40.00  40.00  40.00  40.00  40.00  40.00  40.00  40.00  40.00  40.00
  39.00  39.00  39.00  39.00  39.00  39.00  39.00  39.00  39.00  39.00
  38.00  38.00  38.00  38.00  38.00  38.00  38.00  38.00  38.00  38.00
  37.00  37.00  37.00  37.00  37.00  37.00  37.00  37.00  37.00  37.00
  36.00  36.00  36.00  36.00  36.00  36.00  36.00  36.00  36.00  36.00
  35.00  35.00  35.00  35.00  35.00  35.00  35.00  35.00  35.00  35.00
  34.00  34.00  34.00  34.00  34.00  34.00  34.00  34.00  34.00  34.00
  33.00  33.00  33.00  33.00  33.00  33.00  33.00  33.00  33.00  33.00
  32.00  32.00  32.00  32.00  32.00  32.00  32.00  32.00  32.00  32.00
  31.00  31.00  31.00  31.00  31.00  31.00  31.00  31.00  31.00  31.00
 T   1
-100.00-100.00-100.00-100.00-100.00-100.00  13.54  14.32  15.06  15.67
-100.00-100.00-100.00-100.00-100.00  14.07  15.72  16.84  17.74  18.45
-100.00-100.00-100.00-100.00-100.00  17.42  18.22  19.18  20.02  20.66
-100.00-100.00-100.00-100.00  17.75  19.27  20.22  21.02  21.66  22.12
-100.00-100.00-100.00-100.00  21.33  21.48  21.87  22.30  22.64  22.85
-100.00-100.00-100.00-100.00  24.22  23.18  23.00  23.04  23.09  23.10
-100.00-100.00  24.51  24.70  24.30  23.81  23.54  23.38  23.26  23.15
  23.77  24.53  24.66  24.66  24.41  24.08  23.78  23.55  23.37  23.22
  24.40  24.79  24.88  24.79  24.55  24.25  23.96  23.73  23.56  23.43
  25.11  25.23  25.17  24.98  24.72  24.44  24.20  24.01  23.87  23.78
 S   1
-100.00-100.00-100.00-100.00-100.00-100.00  33.03  33.33  33.70  34.00
-100.00-100.00-100.00-100.00-100.00  32.63  33.45  34.02  34.47  34.80
-100.00-100.00-100.00-100.00-100.00  33.28  34.05  34.67  35.14  35.46
-100.00-100.00-100.00-100.00  32.43  33.79  34.64  35.24  35.66  35.93
-100.00-100.00-100.00-100.00  34.07  34.73  35.30  35.74  36.05  36.23
-100.00-100.00-100.00-100.00  35.77  35.65  35.87  36.12  36.30  36.40
-100.00-100.00  35.98  36.15  36.09  36.10  36.22  36.35  36.43  36.47
  35.57  35.95  36.08  36.21  36.26  36.32  36.39  36.45  36.48  36.49
  35.67  35.98  36.16  36.29  36.36  36.41  36.46  36.49  36.49  36.49
  35.90  36.09  36.24  36.34  36.40  36.45  36.47  36.49  36.49  36.49
 T   2
-100.00-100.00-100.00-100.00-100.00-100.00  12.93  13.83  14.68  15.38
-100.00-100.00-100.00-100.00-100.00  13.34  15.21  16.48  17.48  18.26
-100.00-100.00-100.00-100.00-100.00  16.95  17.87  18.94  19.86  20.56
-100.00-100.00-100.00-100.00  17.17  18.91  19.98  20.87  21.57  22.07
-100.00-100.00-100.00-100.00  21.10  21.28  21.73  22.21  22.59  22.82
-100.00-100.00-100.00-100.00  24.20  23.10  22.92  22.98  23.05  23.06
-100.00-100.00  24.46  24.67  24.26  23.76  23.48  23.32  23.21  23.09
  23.68  24.48  24.61  24.62  24.37  24.02  23.72  23.49  23.30  23.15
  24.30  24.72  24.83  24.74  24.50  24.19  23.90  23.66  23.48  23.35
  25.02  25.15  25.11  24.92  24.66  24.38  24.12  23.92  23.78  23.68
 S   2
-100.00-100.00-100.00-100.00-100.00-100.00  33.17  33.45  33.79  34.08
-100.00-100.00-100.00-100.00-100.00  32.94  33.66  34.16  34.56  34.87
-100.00-100.00-100.00-100.00-100.00  33.66  34.27  34.81  35.22  35.51
-100.00-100.00-100.00-100.00  33.09  34.16  34.85  35.36  35.73  35.97
-100.00-100.00-100.00-100.00  34.43  34.97  35.44  35.82  36.09  36.26
-100.00-100.00-100.00-100.00  35.83  35.74  35.94  36.16  36.32  36.41
-100.00-100.00  36.01  36.15  36.11  36.14  36.25  36.36  36.44  36.47
  35.80  36.05  36.13  36.23  36.28  36.33  36.40  36.46  36.49  36.49
  35.86  36.08  36.21  36.30  36.37  36.42  36.46  36.49  36.50  36.49
  36.01  36.15  36.27  36.35  36.41  36.45  36.48  36.49  36.50  36.49
 T   3
-100.00-100.00-100.00-100.00-100.00-100.00  11.42  12.68  13.84  14.77
-100.00-100.00-100.00-100.00-100.00  11.64  13.98  15.59  16.85  17.82
-100.00-100.00-100.00-100.00-100.00  15.73  17.03  18.33  19.43  20.27
-100.00-100.00-100.00-100.00  16.38  18.70  19.69  20.55  21.30  21.87
-100.00-100.00-100.00-100.00-100.00  22.86  22.01  22.11  22.42  22.66
-100.00-100.00-100.00-100.00  24.26  23.50  23.02  22.88  22.89  22.91
-100.00-100.00  24.67  24.73  24.28  23.79  23.41  23.17  23.03  22.92
  23.78  24.51  24.65  24.59  24.29  23.92  23.57  23.30  23.10  22.96
  24.32  24.69  24.77  24.65  24.37  24.03  23.71  23.46  23.27  23.14
  24.94  25.07  25.00  24.80  24.51  24.20  23.93  23.72  23.57  23.47
 S   3
-100.00-100.00-100.00-100.00-100.00-100.00  33.44  33.67  33.96  34.21
-100.00-100.00-100.00-100.00-100.00  33.31  33.93  34.36  34.71  34.97
-100.00-100.00-100.00-100.00-100.00  33.99  34.53  34.98  35.33  35.59
-100.00-100.00-100.00-100.00  33.71  34.63  35.13  35.51  35.80  36.01
-100.00-100.00-100.00-100.00-100.00  35.67  35.73  35.94  36.13  36.27
-100.00-100.00-100.00-100.00  36.05  36.03  36.10  36.22  36.34  36.41
-100.00-100.00  36.14  36.23  36.22  36.24  36.31  36.38  36.44  36.47
  36.09  36.19  36.22  36.28  36.32  36.36  36.41  36.46  36.48  36.49
  36.10  36.20  36.27  36.33  36.38  36.42  36.46  36.49  36.50  36.50
  36.14  36.23  36.31  36.37  36.41  36.45  36.48  36.50  36.51  36.51
 T   4
-100.00-100.00-100.00-100.00-100.00-100.00  10.18  11.60  12.92  14.00
-100.00-100.00-100.00-100.00-100.00  10.27  12.87  14.66  16.08  17.19
-100.00-100.00-100.00-100.00-100.00  14.57  16.11  17.58  18.82  19.77
-100.00-100.00-100.00-100.00  15.48  17.93  19.02  19.98  20.84  21.49
-100.00-100.00-100.00-100.00-100.00  22.50  21.58  21.71  22.06  22.37
-100.00-100.00-100.00-100.00  24.08  23.22  22.69  22.56  22.59  22.63
-100.00-100.00  24.38  24.50  24.04  23.52  23.11  22.86  22.72  22.62
  23.50  24.23  24.38  24.34  24.03  23.63  23.25  22.96  22.76  22.61
  24.10  24.45  24.53  24.39  24.08  23.71  23.37  23.08  22.88  22.73
  24.73  24.84  24.77  24.54  24.22  23.88  23.57  23.32  23.14  23.02
 S   4
-100.00-100.00-100.00-100.00-100.00-100.00  33.63  33.82  34.08  34.30
-100.00-100.00-100.00-100.00-100.00  33.53  34.09  34.48  34.80  35.05
-100.00-100.00-100.00-100.00-100.00  34.17  34.67  35.08  35.40  35.64
-100.00-100.00-100.00-100.00  33.93  34.78  35.23  35.58  35.86  36.05
-100.00-100.00-100.00-100.00-100.00  35.74  35.80  35.99  36.17  36.30
-100.00-100.00-100.00-100.00  36.09  36.07  36.14  36.26  36.37  36.44
-100.00-100.00  36.19  36.27  36.25  36.28  36.34  36.41  36.47  36.50
  36.18  36.24  36.26  36.31  36.35  36.39  36.44  36.48  36.51  36.52
  36.20  36.26  36.31  36.36  36.40  36.44  36.48  36.51  36.52  36.53
  36.21  36.27  36.33  36.39  36.43  36.47  36.50  36.52  36.53  36.53
 T   5
-100.00-100.00-100.00-100.00-100.00-100.00   8.84  10.36  11.68  12.79
-100.00-100.00-100.00-100.00-100.00   9.20  11.69  13.43  14.84  15.99
-100.00-100.00-100.00-100.00-100.00  13.57  15.10  16.46  17.66  18.65
-100.00-100.00-100.00-100.00-100.00  18.14  18.38  19.05  19.82  20.51
-100.00-100.00-100.00-100.00-100.00  21.95  20.87  20.86  21.17  21.51
-100.00-100.00-100.00-100.00  23.63  22.60  21.95  21.74  21.76  21.83
-100.00-100.00  23.53  23.70  23.35  22.79  22.32  22.04  21.89  21.81
-100.00  23.90  23.77  23.61  23.27  22.83  22.41  22.09  21.87  21.73
  24.73  24.30  24.00  23.68  23.29  22.87  22.47  22.15  21.92  21.77
  24.84  24.56  24.20  23.81  23.40  22.99  22.63  22.33  22.12  21.98
 S   5
-100.00-100.00-100.00-100.00-100.00-100.00  33.88  34.07  34.30  34.48
-100.00-100.00-100.00-100.00-100.00  33.92  34.37  34.70  34.96  35.17
-100.00-100.00-100.00-100.00-100.00  34.60  34.95  35.26  35.52  35.72
-100.00-100.00-100.00-100.00-100.00  35.26  35.49  35.73  35.94  36.11
-100.00-100.00-100.00-100.00-100.00  35.94  35.96  36.09  36.23  36.34
-100.00-100.00-100.00-100.00  36.22  36.20  36.24  36.33  36.41  36.47
-100.00-100.00  36.21  36.30  36.32  36.35  36.40  36.46  36.50  36.53
-100.00  36.26  36.29  36.35  36.40  36.45  36.49  36.52  36.55  36.55
  36.23  36.29  36.35  36.41  36.45  36.50  36.53  36.55  36.56  36.56
  36.25  36.33  36.39  36.44  36.49  36.52  36.55  36.56  36.57  36.57
 T   6
-100.00-100.00-100.00-100.00-100.00-100.00-100.00  11.52  12.02  12.67
-100.00-100.00-100.00-100.00-100.00-100.00  12.15  13.69  14.65  15.47
-100.00-100.00-100.00-100.00-100.00-100.00  15.63  16.28  17.08  17.84
-100.00-100.00-100.00-100.00-100.00  17.19  17.84  18.38  18.99  19.57
-100.00-100.00-100.00-100.00-100.00  20.71  19.94  19.96  20.24  20.55
-100.00-100.00-100.00-100.00  22.66  21.58  20.99  20.81  20.83  20.91
-100.00-100.00-100.00  23.29  22.57  21.88  21.39  21.11  20.97  20.90
-100.00  22.84  22.99  22.89  22.45  21.93  21.49  21.17  20.95  20.82
  23.71  23.36  23.13  22.83  22.41  21.94  21.53  21.20  20.97  20.82
  24.29  23.77  23.34  22.92  22.48  22.04  21.65  21.34  21.12  20.98
 S   6
-100.00-100.00-100.00-100.00-100.00-100.00-100.00  35.04  34.90  34.92
-100.00-100.00-100.00-100.00-100.00-100.00  35.15  35.32  35.39  35.47
-100.00-100.00-100.00-100.00-100.00-100.00  35.53  35.66  35.78  35.89
-100.00-100.00-100.00-100.00-100.00  35.51  35.78  35.95  36.08  36.19
-100.00-100.00-100.00-100.00-100.00  36.07  36.11  36.21  36.31  36.39
-100.00-100.00-100.00-100.00  36.32  36.29  36.33  36.40  36.46  36.50
-100.00-100.00-100.00  36.39  36.40  36.43  36.47  36.51  36.54  36.56
-100.00  36.26  36.36  36.42  36.47  36.51  36.54  36.56  36.58  36.58
  36.29  36.35  36.41  36.47  36.51  36.55  36.57  36.59  36.59  36.59
  36.39  36.41  36.46  36.51  36.54  36.57  36.59  36.60  36.60  36.60
 T   7
-100.00-100.00-100.00-100.00-100.00-100.00-100.00-100.00  12.37  12.77
-100.00-100.00-100.00-100.00-100.00-100.00  11.77  13.40  14.40  15.16
-100.00-100.00-100.00-100.00-100.00-100.00  14.95  15.68  16.49  17.21
-100.00-100.00-100.00-100.00-100.00  16.56  17.13  17.66  18.25  18.79
-100.00-100.00-100.00-100.00-100.00  19.86  19.16  19.19  19.46  19.76
-100.00-100.00-100.00-100.00  21.68  20.71  20.19  20.05  20.08  20.16
-100.00-100.00-100.00  22.09  21.58  21.02  20.61  20.38  20.26  20.20
-100.00  21.23  21.67  21.78  21.50  21.10  20.73  20.44  20.25  20.12
  22.21  22.03  21.98  21.83  21.52  21.14  20.77  20.47  20.25  20.10
  23.23  22.68  22.34  22.01  21.64  21.25  20.88  20.58  20.36  20.22
 S   7
-100.00-100.00-100.00-100.00-100.00-100.00-100.00-100.00  35.43  35.30
-100.00-100.00-100.00-100.00-100.00-100.00  35.32  35.53  35.64  35.69
-100.00-100.00-100.00-100.00-100.00-100.00  35.63  35.78  35.90  35.99
-100.00-100.00-100.00-100.00-100.00  35.72  35.90  36.03  36.14  36.23
-100.00-100.00-100.00-100.00-100.00  36.19  36.20  36.27  36.34  36.41
-100.00-100.00-100.00-100.00  36.41  36.38  36.39  36.44  36.48  36.51
-100.00-100.00-100.00  36.43  36.46  36.48  36.51  36.53  36.55  36.56
-100.00  36.27  36.38  36.46  36.51  36.54  36.56  36.58  36.59  36.58
  36.33  36.38  36.45  36.50  36.54  36.57  36.59  36.60  36.59  36.59
  36.46  36.47  36.51  36.54  36.57  36.59  36.60  36.60  36.60  36.59
 T   8
-100.00-100.00-100.00-100.00-100.00-100.00-100.00-100.00  11.79  12.62
-100.00-100.00-100.00-100.00-100.00-100.00  11.61  13.01  13.88  14.67
-100.00-100.00-100.00-100.00-100.00-100.00  14.42  15.14  15.90  16.59
-100.00-100.00-100.00-100.00-100.00  15.90  16.51  17.05  17.61  18.13
-100.00-100.00-100.00-100.00-100.00  19.07  18.47  18.55  18.84  19.13
-100.00-100.00-100.00-100.00  20.72  19.92  19.52  19.44  19.50  19.59
-100.00-100.00-100.00  20.93  20.66  20.27  19.97  19.81  19.73  19.68
-100.00  19.66  20.43  20.75  20.66  20.40  20.13  19.90  19.74  19.63
  20.67  20.71  20.88  20.92  20.76  20.48  20.19  19.93  19.73  19.60
  22.06  21.58  21.38  21.19  20.92  20.60  20.29  20.01  19.81  19.67
 S   8
-100.00-100.00-100.00-100.00-100.00-100.00-100.00-100.00  35.35  35.43
-100.00-100.00-100.00-100.00-100.00-100.00  35.39  35.56  35.64  35.73
-100.00-100.00-100.00-100.00-100.00-100.00  35.68  35.81  35.91  36.01
-100.00-100.00-100.00-100.00-100.00  35.78  35.94  36.06  36.16  36.24
-100.00-100.00-100.00-100.00-100.00  36.21  36.22  36.28  36.35  36.41
-100.00-100.00-100.00-100.00  36.42  36.39  36.40  36.44  36.48  36.51
-100.00-100.00-100.00  36.40  36.46  36.48  36.51  36.53  36.55  36.56
-100.00  36.22  36.35  36.44  36.50  36.54  36.56  36.58  36.58  36.58
  36.33  36.38  36.44  36.50  36.54  36.57  36.59  36.59  36.59  36.58
  36.50  36.50  36.52  36.55  36.58  36.59  36.59  36.59  36.59  36.58
 T   9
-100.00-100.00-100.00-100.00-100.00-100.00-100.00-100.00  11.44  12.16
-100.00-100.00-100.00-100.00-100.00-100.00  11.31  12.57  13.41  14.14
-100.00-100.00-100.00-100.00-100.00-100.00  13.89  14.63  15.37  16.02
-100.00-100.00-100.00-100.00-100.00  15.31  15.95  16.51  17.07  17.58
-100.00-100.00-100.00-100.00-100.00  18.41  17.90  18.03  18.34  18.64
-100.00-100.00-100.00-100.00  19.87  19.25  18.96  18.96  19.06  19.17
-100.00-100.00-100.00  19.91  19.85  19.64  19.46  19.37  19.34  19.31
-100.00  18.24  19.31  19.83  19.93  19.82  19.65  19.50  19.38  19.29
  19.24  19.50  19.89  20.10  20.10  19.94  19.72  19.52  19.37  19.25
  20.92  20.55  20.50  20.45  20.30  20.07  19.81  19.58  19.40  19.29
 S   9
-100.00-100.00-100.00-100.00-100.00-100.00-100.00-100.00  35.34  35.42
-100.00-100.00-100.00-100.00-100.00-100.00  35.37  35.53  35.63  35.72
-100.00-100.00-100.00-100.00-100.00-100.00  35.67  35.79  35.90  36.00
-100.00-100.00-100.00-100.00-100.00  35.79  35.94  36.05  36.15  36.23
-100.00-100.00-100.00-100.00-100.00  36.24  36.23  36.28  36.35  36.41
-100.00-100.00-100.00-100.00  36.45  36.40  36.41  36.44  36.48  36.51
-100.00-100.00-100.00  36.39  36.46  36.49  36.51  36.53  36.55  36.56
-100.00  36.11  36.29  36.42  36.50  36.54  36.56  36.57  36.57  36.57
  36.26  36.31  36.41  36.49  36.54  36.57  36.58  36.58  36.58  36.57
  36.49  36.47  36.51  36.55  36.57  36.58  36.59  36.58  36.57  36.56
 T  10
-100.00-100.00-100.00-100.00-100.00-100.00-100.00-100.00  10.28  10.95
-100.00-100.00-100.00-100.00-100.00-100.00  10.15  11.32  12.23  12.96
-100.00-100.00-100.00-100.00-100.00-100.00  12.56  13.43  14.23  14.92
-100.00-100.00-100.00-100.00-100.00  13.97  14.75  15.42  16.07  16.62
-100.00-100.00-100.00-100.00-100.00  17.18  16.84  17.11  17.51  17.86
-100.00-100.00-100.00-100.00  18.40  18.10  18.04  18.19  18.40  18.57
-100.00-100.00-100.00  18.18  18.51  18.61  18.67  18.74  18.80  18.84
-100.00  15.86  17.43  18.31  18.74  18.91  18.95  18.94  18.91  18.86
  16.83  17.44  18.20  18.75  19.03  19.10  19.06  18.98  18.89  18.81
  18.94  18.76  18.99  19.22  19.30  19.24  19.12  18.99  18.87  18.79
 S  10
-100.00-100.00-100.00-100.00-100.00-100.00-100.00-100.00  35.23  35.32
-100.00-100.00-100.00-100.00-100.00-100.00  35.28  35.43  35.54  35.64
-100.00-100.00-100.00-100.00-100.00-100.00  35.61  35.73  35.84  35.94
-100.00-100.00-100.00-100.00-100.00  35.73  35.88  36.00  36.11  36.20
-100.00-100.00-100.00-100.00-100.00  36.17  36.17  36.24  36.32  36.39
-100.00-100.00-100.00-100.00  36.32  36.32  36.36  36.41  36.46  36.50
-100.00-100.00-100.00  36.23  36.35  36.42  36.47  36.50  36.53  36.55
-100.00  35.84  36.11  36.30  36.42  36.49  36.53  36.55  36.56  36.56
  35.99  36.12  36.28  36.40  36.49  36.54  36.56  36.56  36.56  36.55
  36.34  36.35  36.43  36.50  36.54  36.57  36.57  36.56  36.55  36.54
 T  11
-100.00-100.00-100.00-100.00-100.00-100.00-100.00-100.00   9.11   9.81
-100.00-100.00-100.00-100.00-100.00-100.00   8.80  10.07  11.13  11.94
-100.00-100.00-100.00-100.00-100.00-100.00  11.38  12.37  13.30  14.06
-100.00-100.00-100.00-100.00-100.00  12.80  13.76  14.57  15.33  15.95
-100.00-100.00-100.00-100.00-100.00  16.31  16.06  16.45  16.95  17.38
-100.00-100.00-100.00-100.00  17.38  17.30  17.41  17.69  17.99  18.21
-100.00-100.00-100.00  16.96  17.58  17.91  18.14  18.34  18.48  18.56
-100.00  14.26  16.12  17.25  17.92  18.29  18.49  18.59  18.62  18.61
  15.25  16.05  17.04  17.81  18.30  18.54  18.63  18.64  18.60  18.55
  17.53  17.51  17.94  18.36  18.61  18.70  18.68  18.62  18.55  18.49
 S  11
-100.00-100.00-100.00-100.00-100.00-100.00-100.00-100.00  35.12  35.22
-100.00-100.00-100.00-100.00-100.00-100.00  35.07  35.25  35.41  35.54
-100.00-100.00-100.00-100.00-100.00-100.00  35.39  35.57  35.72  35.85
-100.00-100.00-100.00-100.00-100.00  35.55  35.73  35.88  36.02  36.13
-100.00-100.00-100.00-100.00-100.00  36.09  36.09  36.17  36.27  36.35
-100.00-100.00-100.00-100.00  36.27  36.27  36.31  36.37  36.43  36.48
-100.00-100.00-100.00  36.18  36.31  36.39  36.44  36.49  36.52  36.54
-100.00  35.74  36.05  36.25  36.38  36.46  36.51  36.54  36.55  36.55
  35.86  36.03  36.21  36.36  36.46  36.51  36.54  36.55  36.55  36.54
  36.26  36.28  36.37  36.45  36.51  36.54  36.55  36.54  36.54  36.53
 T  12
-100.00-100.00-100.00-100.00-100.00-100.00-100.00-100.00   8.06   8.73
-100.00-100.00-100.00-100.00-100.00-100.00   7.71   9.07  10.21  11.05
-100.00-100.00-100.00-100.00-100.00-100.00  10.48  11.55  12.54  13.35
-100.00-100.00-100.00-100.00-100.00  11.83  12.98  13.91  14.74  15.42
-100.00-100.00-100.00-100.00-100.00  15.63  15.46  15.94  16.52  16.99
-100.00-100.00-100.00-100.00  16.60  16.69  16.92  17.30  17.66  17.93
-100.00-100.00-100.00  16.08  16.89  17.38  17.73  18.02  18.22  18.33
-100.00  13.23  15.25  16.50  17.33  17.84  18.14  18.31  18.39  18.40
  14.19  15.13  16.26  17.17  17.79  18.14  18.32  18.38  18.38  18.34
  16.56  16.67  17.24  17.79  18.15  18.33  18.37  18.36  18.31  18.26
 S  12
-100.00-100.00-100.00-100.00-100.00-100.00-100.00-100.00  35.02  35.12
-100.00-100.00-100.00-100.00-100.00-100.00  34.94  35.13  35.31  35.44
-100.00-100.00-100.00-100.00-100.00-100.00  35.27  35.46  35.63  35.77
-100.00-100.00-100.00-100.00-100.00  35.41  35.63  35.80  35.95  36.07
-100.00-100.00-100.00-100.00-100.00  35.99  36.01  36.11  36.22  36.31
-100.00-100.00-100.00-100.00  36.18  36.20  36.25  36.33  36.40  36.46
-100.00-100.00-100.00  36.08  36.24  36.33  36.40  36.46  36.50  36.52
-100.00  35.59  35.94  36.17  36.32  36.42  36.48  36.52  36.54  36.54
  35.70  35.90  36.12  36.29  36.41  36.48  36.52  36.53  36.53  36.53
  36.13  36.18  36.30  36.40  36.48  36.52  36.53  36.53  36.52  36.51
 T  13
-100.00-100.00-100.00-100.00-100.00-100.00-100.00-100.00   5.96   6.61
-100.00-100.00-100.00-100.00-100.00-100.00   5.45   7.01   8.32   9.25
-100.00-100.00-100.00-100.00-100.00-100.00   8.47   9.79  10.97  11.90
-100.00-100.00-100.00-100.00-100.00   9.79  11.30  12.49  13.51  14.32
-100.00-100.00-100.00-100.00-100.00  14.20  14.19  14.88  15.62  16.20
-100.00-100.00-100.00-100.00  15.14  15.50  15.94  16.51  17.01  17.36
-100.00-100.00-100.00  14.61  15.69  16.41  16.97  17.42  17.72  17.89
-100.00  11.85  14.01  15.35  16.35  17.05  17.52  17.81  17.96  18.00
  12.57  13.76  15.11  16.18  16.96  17.47  17.77  17.91  17.96  17.93
  14.98  15.34  16.15  16.89  17.41  17.71  17.85  17.89  17.87  17.83
 S  13
-100.00-100.00-100.00-100.00-100.00-100.00-100.00-100.00  34.89  34.97
-100.00-100.00-100.00-100.00-100.00-100.00  34.81  35.01  35.19  35.32
-100.00-100.00-100.00-100.00-100.00-100.00  35.14  35.35  35.53  35.67
-100.00-100.00-100.00-100.00-100.00  35.24  35.50  35.70  35.86  35.99
-100.00-100.00-100.00-100.00-100.00  35.86  35.90  36.02  36.15  36.24
-100.00-100.00-100.00-100.00  36.02  36.08  36.16  36.26  36.35  36.41
-100.00-100.00-100.00  35.93  36.12  36.24  36.33  36.40  36.45  36.48
-100.00  35.62  35.92  36.09  36.24  36.35  36.42  36.47  36.49  36.49
  35.65  35.86  36.07  36.22  36.34  36.42  36.46  36.48  36.49  36.48
  36.00  36.08  36.21  36.33  36.41  36.45  36.47  36.48  36.47  36.46
 T  14
-100.00-100.00-100.00-100.00-100.00-100.00-100.00-100.00   4.47   5.16
-100.00-100.00-100.00-100.00-100.00-100.00   3.95   5.64   7.03   8.02
-100.00-100.00-100.00-100.00-100.00-100.00   7.09   8.55   9.85  10.88
-100.00-100.00-100.00-100.00-100.00   8.22  10.01  11.39  12.56  13.48
-100.00-100.00-100.00-100.00-100.00  12.84  13.03  13.90  14.78  15.47
-100.00-100.00-100.00-100.00  13.53  14.21  14.88  15.62  16.25  16.69
-100.00-100.00-100.00  13.22  14.40  15.29  16.01  16.59  16.99  17.21
-100.00-100.00  13.75  14.46  15.32  16.07  16.63  17.01  17.22  17.29
  11.79  13.80  14.58  15.33  16.02  16.55  16.91  17.11  17.19  17.18
  13.43  14.36  15.21  15.93  16.46  16.80  16.99  17.07  17.06  17.00
 S  14
-100.00-100.00-100.00-100.00-100.00-100.00-100.00-100.00  34.84  34.90
-100.00-100.00-100.00-100.00-100.00-100.00  34.77  34.96  35.12  35.24
-100.00-100.00-100.00-100.00-100.00-100.00  35.07  35.27  35.44  35.58
-100.00-100.00-100.00-100.00-100.00  35.13  35.40  35.60  35.76  35.89
-100.00-100.00-100.00-100.00-100.00  35.72  35.79  35.92  36.04  36.14
-100.00-100.00-100.00-100.00  35.88  35.95  36.05  36.15  36.24  36.30
-100.00-100.00-100.00  35.85  36.00  36.12  36.21  36.29  36.35  36.38
-100.00-100.00  35.95  36.02  36.13  36.23  36.30  36.35  36.38  36.38
  35.74  35.98  36.05  36.14  36.22  36.29  36.34  36.36  36.36  36.36
  35.95  36.04  36.13  36.21  36.28  36.32  36.34  36.34  36.34  36.33
 T  15
-100.00-100.00-100.00-100.00-100.00-100.00-100.00-100.00   3.82   4.40
-100.00-100.00-100.00-100.00-100.00-100.00   3.27   4.85   6.16   7.06
-100.00-100.00-100.00-100.00-100.00-100.00   6.16   7.57   8.81   9.77
-100.00-100.00-100.00-100.00-100.00   6.95   8.83  10.23  11.38  12.26
-100.00-100.00-100.00-100.00-100.00  11.38  11.69  12.62  13.52  14.20
-100.00-100.00-100.00-100.00  11.65  12.63  13.46  14.28  14.95  15.39
-100.00-100.00-100.00  11.46  12.70  13.73  14.56  15.21  15.65  15.87
-100.00-100.00  12.44  12.94  13.75  14.53  15.16  15.59  15.82  15.90
-100.00  13.79  13.57  13.93  14.48  15.01  15.41  15.64  15.72  15.70
  12.77  13.49  13.96  14.44  14.87  15.21  15.43  15.52  15.51  15.45
 S  15
-100.00-100.00-100.00-100.00-100.00-100.00-100.00-100.00  34.84  34.89
-100.00-100.00-100.00-100.00-100.00-100.00  34.77  34.93  35.07  35.17
-100.00-100.00-100.00-100.00-100.00-100.00  35.03  35.20  35.35  35.46
-100.00-100.00-100.00-100.00-100.00  35.05  35.30  35.48  35.62  35.73
-100.00-100.00-100.00-100.00-100.00  35.54  35.62  35.74  35.86  35.96
-100.00-100.00-100.00-100.00  35.66  35.75  35.84  35.95  36.03  36.10
-100.00-100.00-100.00  35.69  35.80  35.90  35.99  36.07  36.12  36.15
-100.00-100.00  35.83  35.85  35.92  36.00  36.07  36.12  36.14  36.15
-100.00  35.96  35.92  35.94  36.00  36.05  36.09  36.11  36.12  36.11
  35.81  35.88  35.92  35.97  36.02  36.06  36.08  36.08  36.07  36.06
 T  16
-100.00-100.00-100.00-100.00-100.00-100.00-100.00-100.00   3.61   4.04
-100.00-100.00-100.00-100.00-100.00-100.00   3.19   4.48   5.58   6.32
-100.00-100.00-100.00-100.00-100.00-100.00   5.54   6.76   7.83   8.65
-100.00-100.00-100.00-100.00-100.00   5.98   7.74   9.02  10.04  10.82
-100.00-100.00-100.00-100.00-100.00   9.68  10.16  11.08  11.91  12.53
-100.00-100.00-100.00-100.00   9.72  10.90  11.74  12.53  13.16  13.57
-100.00-100.00-100.00-100.00  12.03  12.21  12.79  13.35  13.76  13.98
-100.00-100.00-100.00  11.83  12.38  12.82  13.28  13.65  13.88  13.95
-100.00-100.00  12.28  12.36  12.72  13.09  13.41  13.63  13.72  13.71
  10.34  11.57  12.11  12.50  12.86  13.15  13.35  13.45  13.46  13.41
 S  16
-100.00-100.00-100.00-100.00-100.00-100.00-100.00-100.00  34.88  34.91
-100.00-100.00-100.00-100.00-100.00-100.00  34.83  34.94  35.04  35.12
-100.00-100.00-100.00-100.00-100.00-100.00  35.00  35.13  35.24  35.33
-100.00-100.00-100.00-100.00-100.00  34.98  35.18  35.33  35.44  35.54
-100.00-100.00-100.00-100.00-100.00  35.32  35.41  35.52  35.62  35.70
-100.00-100.00-100.00-100.00  35.36  35.48  35.58  35.67  35.75  35.81
-100.00-100.00-100.00-100.00  35.63  35.64  35.70  35.76  35.81  35.85
-100.00-100.00-100.00  35.64  35.67  35.71  35.75  35.79  35.82  35.83
-100.00-100.00  35.66  35.66  35.70  35.73  35.76  35.78  35.79  35.79
  35.43  35.55  35.61  35.66  35.69  35.72  35.74  35.75  35.75  35.74
 T  17
-100.00-100.00-100.00-100.00-100.00-100.00-100.00-100.00   3.76   4.01
-100.00-100.00-100.00-100.00-100.00-100.00   3.28   4.27   5.15   5.70
-100.00-100.00-100.00-100.00-100.00-100.00   4.82   5.92   6.82   7.47
-100.00-100.00-100.00-100.00-100.00   5.02   6.55   7.66   8.54   9.19
-100.00-100.00-100.00-100.00-100.00   8.03   8.54   9.34  10.07  10.61
-100.00-100.00-100.00-100.00   8.40   9.26   9.94  10.59  11.14  11.52
-100.00-100.00-100.00-100.00  10.50  10.47  10.88  11.33  11.68  11.88
-100.00-100.00-100.00  10.14  10.59  10.93  11.29  11.58  11.76  11.82
-100.00-100.00   9.64  10.19  10.66  11.04  11.32  11.49  11.55  11.52
   8.85   9.45   9.80  10.25  10.65  10.97  11.16  11.24  11.22  11.16
 S  17
-100.00-100.00-100.00-100.00-100.00-100.00-100.00-100.00  34.91  34.93
-100.00-100.00-100.00-100.00-100.00-100.00  34.88  34.95  35.02  35.06
-100.00-100.00-100.00-100.00-100.00-100.00  34.98  35.07  35.14  35.20
-100.00-100.00-100.00-100.00-100.00  34.97  35.11  35.20  35.28  35.34
-100.00-100.00-100.00-100.00-100.00  35.22  35.26  35.33  35.40  35.45
-100.00-100.00-100.00-100.00  35.22  35.31  35.37  35.43  35.48  35.52
-100.00-100.00-100.00-100.00  35.40  35.40  35.45  35.49  35.52  35.54
-100.00-100.00-100.00  35.36  35.40  35.44  35.47  35.50  35.52  35.53
-100.00-100.00  35.31  35.35  35.40  35.43  35.46  35.48  35.49  35.49
  35.17  35.25  35.30  35.34  35.39  35.42  35.44  35.45  35.45  35.44
 T  18
-100.00-100.00-100.00-100.00-100.00-100.00-100.00-100.00   3.61   3.79
-100.00-100.00-100.00-100.00-100.00-100.00   3.29   3.96   4.64   5.06
-100.00-100.00-100.00-100.00-100.00-100.00   4.38   5.21   5.90   6.42
-100.00-100.00-100.00-100.00-100.00   4.51   5.68   6.53   7.21   7.74
-100.00-100.00-100.00-100.00-100.00   6.81   7.19   7.80   8.37   8.81
-100.00-100.00-100.00-100.00   7.07   7.74   8.25   8.74   9.17   9.47
-100.00-100.00-100.00-100.00   8.75   8.67   8.95   9.27   9.53   9.68
-100.00-100.00-100.00   8.65   8.85   9.01   9.23   9.42   9.54   9.58
-100.00-100.00-100.00   8.84   8.89   9.05   9.20   9.30   9.33   9.31
-100.00-100.00   8.04   8.48   8.72   8.89   9.00   9.05   9.04   9.00
 S  18
-100.00-100.00-100.00-100.00-100.00-100.00-100.00-100.00  34.94  34.94
-100.00-100.00-100.00-100.00-100.00-100.00  34.93  34.96  35.00  35.02
-100.00-100.00-100.00-100.00-100.00-100.00  34.98  35.03  35.07  35.10
-100.00-100.00-100.00-100.00-100.00  34.97  35.04  35.10  35.15  35.18
-100.00-100.00-100.00-100.00-100.00  35.11  35.13  35.17  35.21  35.24
-100.00-100.00-100.00-100.00  35.09  35.15  35.19  35.22  35.25  35.28
-100.00-100.00-100.00-100.00  35.20  35.20  35.22  35.25  35.27  35.28
-100.00-100.00-100.00  35.21  35.22  35.23  35.24  35.25  35.26  35.27
-100.00-100.00-100.00  35.25  35.23  35.23  35.23  35.24  35.24  35.24
-100.00-100.00  35.17  35.20  35.21  35.21  35.22  35.22  35.22  35.22
 T  19
-100.00-100.00-100.00-100.00-100.00-100.00-100.00-100.00   3.71   3.81
-100.00-100.00-100.00-100.00-100.00-100.00   3.49   3.91   4.38   4.67
-100.00-100.00-100.00-100.00-100.00-100.00   4.16   4.73   5.21   5.58
-100.00-100.00-100.00-100.00-100.00   4.20   5.01   5.60   6.08   6.47
-100.00-100.00-100.00-100.00-100.00   5.78   6.02   6.44   6.85   7.18
-100.00-100.00-100.00-100.00   5.81   6.35   6.71   7.06   7.37   7.60
-100.00-100.00-100.00-100.00   6.98   6.98   7.19   7.41   7.59   7.70
-100.00-100.00-100.00   7.06   7.13   7.23   7.38   7.50   7.57   7.59
-100.00-100.00-100.00   7.14   7.17   7.26   7.36   7.41   7.41   7.39
-100.00-100.00-100.00   7.03   7.07   7.15   7.22   7.24   7.22   7.18
 S  19
-100.00-100.00-100.00-100.00-100.00-100.00-100.00-100.00  34.96  34.96
-100.00-100.00-100.00-100.00-100.00-100.00  34.95  34.97  34.99  35.00
-100.00-100.00-100.00-100.00-100.00-100.00  34.98  35.01  35.03  35.04
-100.00-100.00-100.00-100.00-100.00  34.97  35.01  35.04  35.06  35.08
-100.00-100.00-100.00-100.00-100.00  35.06  35.06  35.07  35.09  35.11
-100.00-100.00-100.00-100.00  35.03  35.07  35.08  35.10  35.11  35.12
-100.00-100.00-100.00-100.00  35.09  35.09  35.10  35.11  35.12  35.12
-100.00-100.00-100.00  35.11  35.10  35.10  35.11  35.11  35.11  35.12
-100.00-100.00-100.00  35.13  35.11  35.11  35.11  35.11  35.11  35.11
-100.00-100.00-100.00  35.10  35.10  35.10  35.10  35.10  35.10  35.10
 T  20
-100.00-100.00-100.00-100.00-100.00-100.00-100.00-100.00   3.82   3.85
-100.00-100.00-100.00-100.00-100.00-100.00   3.66   3.92   4.22   4.39
-100.00-100.00-100.00-100.00-100.00-100.00   4.06   4.42   4.73   4.97
-100.00-100.00-100.00-100.00-100.00   4.02   4.56   4.94   5.26   5.52
-100.00-100.00-100.00-100.00-100.00   5.01   5.17   5.45   5.73   5.97
-100.00-100.00-100.00-100.00   4.97   5.33   5.58   5.83   6.05   6.22
-100.00-100.00-100.00-100.00   5.63   5.70   5.87   6.04   6.19   6.30
-100.00-100.00-100.00   5.65   5.76   5.87   6.00   6.11   6.19   6.24
-100.00-100.00-100.00   5.82   5.86   5.94   6.02   6.09   6.12   6.14
-100.00-100.00-100.00   5.85   5.87   5.93   5.99   6.02   6.03   6.03
 S  20
-100.00-100.00-100.00-100.00-100.00-100.00-100.00-100.00  34.97  34.96
-100.00-100.00-100.00-100.00-100.00-100.00  34.96  34.97  34.98  34.99
-100.00-100.00-100.00-100.00-100.00-100.00  34.98  34.99  35.00  35.01
-100.00-100.00-100.00-100.00-100.00  34.97  35.00  35.01  35.03  35.03
-100.00-100.00-100.00-100.00-100.00  35.03  35.03  35.04  35.04  35.05
-100.00-100.00-100.00-100.00  35.02  35.04  35.04  35.05  35.06  35.06
-100.00-100.00-100.00-100.00  35.05  35.05  35.06  35.06  35.07  35.07
-100.00-100.00-100.00  35.08  35.07  35.06  35.06  35.07  35.07  35.07
-100.00-100.00-100.00  35.10  35.08  35.07  35.07  35.07  35.07  35.07
-100.00-100.00-100.00  35.06  35.07  35.07  35.07  35.07  35.07  35.07
 T  21
-100.00-100.00-100.00-100.00-100.00-100.00-100.00-100.00   3.86   3.87
-100.00-100.00-100.00-100.00-100.00-100.00   3.73   3.91   4.10   4.21
-100.00-100.00-100.00-100.00-100.00-100.00   4.02   4.23   4.42   4.57
-100.00-100.00-100.00-100.00-100.00   3.93   4.31   4.56   4.76   4.92
-100.00-100.00-100.00-100.00-100.00   4.59   4.70   4.88   5.06   5.21
-100.00-100.00-100.00-100.00   4.59   4.81   4.97   5.13   5.27   5.38
-100.00-100.00-100.00-100.00   4.96   5.05   5.17   5.29   5.38   5.45
-100.00-100.00-100.00   5.08   5.11   5.19   5.28   5.36   5.41   5.44
-100.00-100.00-100.00   5.15   5.18   5.25   5.32   5.37   5.39   5.40
-100.00-100.00-100.00   5.16   5.20   5.25   5.31   5.34   5.36   5.36
 S  21
-100.00-100.00-100.00-100.00-100.00-100.00-100.00-100.00  34.96  34.96
-100.00-100.00-100.00-100.00-100.00-100.00  34.96  34.97  34.98  34.98
-100.00-100.00-100.00-100.00-100.00-100.00  34.98  34.99  34.99  35.00
-100.00-100.00-100.00-100.00-100.00  34.97  34.99  35.00  35.01  35.01
-100.00-100.00-100.00-100.00-100.00  35.02  35.01  35.02  35.02  35.03
-100.00-100.00-100.00-100.00  35.00  35.02  35.02  35.03  35.03  35.04
-100.00-100.00-100.00-100.00  35.02  35.03  35.03  35.04  35.04  35.05
-100.00-100.00-100.00  35.04  35.04  35.04  35.04  35.05  35.05  35.05
-100.00-100.00-100.00  35.06  35.05  35.05  35.05  35.05  35.06  35.06
-100.00-100.00-100.00  35.03  35.04  35.05  35.05  35.06  35.06  35.06
 T  22
-100.00-100.00-100.00-100.00-100.00-100.00-100.00-100.00   3.82   3.82
-100.00-100.00-100.00-100.00-100.00-100.00   3.74   3.85   3.98   4.05
-100.00-100.00-100.00-100.00-100.00-100.00   3.96   4.08   4.20   4.30
-100.00-100.00-100.00-100.00-100.00   3.88   4.14   4.30   4.43   4.54
-100.00-100.00-100.00-100.00-100.00   4.37   4.42   4.53   4.65   4.75
-100.00-100.00-100.00-100.00   4.31   4.49   4.60   4.71   4.81   4.89
-100.00-100.00-100.00-100.00   4.60   4.66   4.75   4.83   4.90   4.95
-100.00-100.00-100.00   4.59   4.67   4.75   4.83   4.89   4.94   4.97
-100.00-100.00-100.00   4.63   4.71   4.79   4.86   4.91   4.94   4.96
-100.00-100.00-100.00   4.67   4.73   4.80   4.86   4.90   4.92   4.93
 S  22
-100.00-100.00-100.00-100.00-100.00-100.00-100.00-100.00  34.96  34.96
-100.00-100.00-100.00-100.00-100.00-100.00  34.96  34.97  34.97  34.98
-100.00-100.00-100.00-100.00-100.00-100.00  34.98  34.98  34.99  34.99
-100.00-100.00-100.00-100.00-100.00  34.96  34.98  34.99  35.00  35.00
-100.00-100.00-100.00-100.00-100.00  35.01  35.00  35.01  35.01  35.01
-100.00-100.00-100.00-100.00  34.99  35.01  35.01  35.02  35.02  35.03
-100.00-100.00-100.00-100.00  35.01  35.02  35.02  35.03  35.03  35.03
-100.00-100.00-100.00  35.03  35.03  35.03  35.03  35.04  35.04  35.04
-100.00-100.00-100.00  35.05  35.04  35.04  35.04  35.04  35.04  35.05
-100.00-100.00-100.00  35.04  35.04  35.04  35.04  35.04  35.05  35.05
 T  23
-100.00-100.00-100.00-100.00-100.00-100.00-100.00-100.00   3.79   3.79
-100.00-100.00-100.00-100.00-100.00-100.00   3.73   3.81   3.91   3.96
-100.00-100.00-100.00-100.00-100.00-100.00   3.95   4.00   4.08   4.14
-100.00-100.00-100.00-100.00-100.00   3.82   4.05   4.16   4.25   4.32
-100.00-100.00-100.00-100.00-100.00   4.22   4.25   4.33   4.41   4.48
-100.00-100.00-100.00-100.00   4.19   4.31   4.39   4.46   4.53   4.59
-100.00-100.00-100.00-100.00   4.39   4.43   4.49   4.55   4.60   4.64
-100.00-100.00-100.00   4.48   4.48   4.51   4.56   4.60   4.63   4.65
-100.00-100.00-100.00   4.51   4.52   4.55   4.58   4.61   4.63   4.65
-100.00-100.00-100.00   4.51   4.52   4.55   4.58   4.60   4.62   4.63
 S  23
-100.00-100.00-100.00-100.00-100.00-100.00-100.00-100.00  34.97  34.96
-100.00-100.00-100.00-100.00-100.00-100.00  34.96  34.97  34.97  34.97
-100.00-100.00-100.00-100.00-100.00-100.00  34.99  34.98  34.98  34.99
-100.00-100.00-100.00-100.00-100.00  34.96  34.99  34.99  34.99  35.00
-100.00-100.00-100.00-100.00-100.00  35.00  35.00  35.00  35.00  35.01
-100.00-100.00-100.00-100.00  34.98  35.00  35.01  35.01  35.01  35.02
-100.00-100.00-100.00-100.00  35.01  35.01  35.01  35.02  35.02  35.02
-100.00-100.00-100.00  35.02  35.02  35.02  35.02  35.03  35.03  35.03
-100.00-100.00-100.00  35.04  35.02  35.02  35.03  35.03  35.03  35.03
-100.00-100.00-100.00  35.01  35.02  35.02  35.03  35.03  35.03  35.04
 T  24
-100.00-100.00-100.00-100.00-100.00-100.00-100.00-100.00   3.75   3.74
-100.00-100.00-100.00-100.00-100.00-100.00   3.71   3.78   3.85   3.88
-100.00-100.00-100.00-100.00-100.00-100.00   3.90   3.93   3.99   4.04
-100.00-100.00-100.00-100.00-100.00   3.78   3.97   4.06   4.13   4.19
-100.00-100.00-100.00-100.00-100.00   4.07   4.11   4.18   4.25   4.31
-100.00-100.00-100.00-100.00   4.06   4.15   4.22   4.28   4.34   4.39
-100.00-100.00-100.00-100.00   4.19   4.24   4.30   4.35   4.39   4.43
-100.00-100.00-100.00   4.26   4.26   4.30   4.35   4.39   4.42   4.43
-100.00-100.00-100.00   4.26   4.29   4.33   4.37   4.40   4.42   4.43
-100.00-100.00-100.00   4.27   4.30   4.33   4.37   4.39   4.40   4.41
 S  24
-100.00-100.00-100.00-100.00-100.00-100.00-100.00-100.00  34.97  34.97
-100.00-100.00-100.00-100.00-100.00-100.00  34.97  34.97  34.97  34.97
-100.00-100.00-100.00-100.00-100.00-100.00  34.98  34.98  34.98  34.98
-100.00-100.00-100.00-100.00-100.00  34.97  34.98  34.99  34.99  34.99
-100.00-100.00-100.00-100.00-100.00  34.99  34.99  34.99  35.00  35.00
-100.00-100.00-100.00-100.00  34.99  35.00  35.00  35.00  35.00  35.01
-100.00-100.00-100.00-100.00  34.99  35.00  35.01  35.01  35.01  35.01
-100.00-100.00-100.00  35.02  35.01  35.01  35.01  35.01  35.02  35.02
-100.00-100.00-100.00  35.02  35.01  35.01  35.02  35.02  35.02  35.02
-100.00-100.00-100.00  35.01  35.01  35.01  35.02  35.02  35.02  35.02
 T  25
-100.00-100.00-100.00-100.00-100.00-100.00-100.00-100.00   3.60   3.60
-100.00-100.00-100.00-100.00-100.00-100.00   3.62   3.67   3.69   3.71
-100.00-100.00-100.00-100.00-100.00-100.00   3.75   3.77   3.79   3.82
-100.00-100.00-100.00-100.00-100.00   3.65   3.78   3.84   3.89   3.92
-100.00-100.00-100.00-100.00-100.00   3.83   3.86   3.92   3.96   3.99
-100.00-100.00-100.00-100.00   3.77   3.86   3.92   3.97   4.01   4.04
-100.00-100.00-100.00-100.00   3.86   3.91   3.96   4.01   4.04   4.05
-100.00-100.00-100.00   3.82   3.89   3.94   3.99   4.02   4.04   4.05
-100.00-100.00-100.00   3.91   3.93   3.97   4.00   4.02   4.04   4.03
-100.00-100.00-100.00   3.96   3.96   3.98   4.00   4.01   4.02   4.02
 S  25
-100.00-100.00-100.00-100.00-100.00-100.00-100.00-100.00  34.97  34.97
-100.00-100.00-100.00-100.00-100.00-100.00  34.98  34.97  34.97  34.97
-100.00-100.00-100.00-100.00-100.00-100.00  34.99  34.98  34.98  34.97
-100.00-100.00-100.00-100.00-100.00  34.97  34.98  34.98  34.98  34.98
-100.00-100.00-100.00-100.00-100.00  34.98  34.98  34.98  34.98  34.98
-100.00-100.00-100.00-100.00  34.97  34.98  34.98  34.98  34.99  34.99
-100.00-100.00-100.00-100.00  34.96  34.98  34.98  34.99  34.99  34.99
-100.00-100.00-100.00  34.97  34.97  34.98  34.99  34.99  34.99  34.99
-100.00-100.00-100.00  34.99  34.99  34.99  34.99  34.99  34.99  35.00
-100.00-100.00-100.00  34.98  34.99  34.99  34.99  35.00  35.00  35.00
 T  26
-100.00-100.00-100.00-100.00-100.00-100.00-100.00-100.00   3.38   3.39
-100.00-100.00-100.00-100.00-100.00-100.00   3.39   3.42   3.47   3.50
-100.00-100.00-100.00-100.00-100.00-100.00   3.47   3.52   3.56   3.60
-100.00-100.00-100.00-100.00-100.00   3.48   3.56   3.61   3.66   3.70
-100.00-100.00-100.00-100.00-100.00   3.66   3.66   3.70   3.74   3.77
-100.00-100.00-100.00-100.00   3.63   3.68   3.71   3.75   3.78   3.81
-100.00-100.00-100.00-100.00   3.69   3.71   3.74   3.77   3.80   3.82
-100.00-100.00-100.00   3.59   3.66   3.71   3.74   3.77   3.79   3.80
-100.00-100.00-100.00   3.61   3.66   3.70   3.73   3.75   3.76   3.77
-100.00-100.00-100.00   3.64   3.67   3.69   3.71   3.73   3.73   3.74
 S  26
-100.00-100.00-100.00-100.00-100.00-100.00-100.00-100.00  34.97  34.96
-100.00-100.00-100.00-100.00-100.00-100.00  34.97  34.97  34.97  34.97
-100.00-100.00-100.00-100.00-100.00-100.00  34.97  34.97  34.97  34.97
-100.00-100.00-100.00-100.00-100.00  34.96  34.97  34.97  34.97  34.97
-100.00-100.00-100.00-100.00-100.00  34.97  34.97  34.98  34.98  34.98
-100.00-100.00-100.00-100.00  34.96  34.97  34.98  34.98  34.98  34.98
-100.00-100.00-100.00-100.00  34.97  34.98  34.98  34.98  34.99  34.99
-100.00-100.00-100.00  34.97  34.98  34.98  34.98  34.99  34.99  34.99
-100.00-100.00-100.00  34.98  34.98  34.98  34.99  34.99  34.99  34.99
-100.00-100.00-100.00  34.97  34.98  34.98  34.99  34.99  34.99  34.99
 T  27
-100.00-100.00-100.00-100.00-100.00-100.00-100.00-100.00   2.85   2.91
-100.00-100.00-100.00-100.00-100.00-100.00-100.00   2.90   2.97   3.04
-100.00-100.00-100.00-100.00-100.00-100.00   2.96   3.03   3.10   3.16
-100.00-100.00-100.00-100.00-100.00   3.04   3.10   3.16   3.22   3.27
-100.00-100.00-100.00-100.00-100.00   3.26   3.24   3.27   3.31   3.35
-100.00-100.00-100.00-100.00   3.31   3.30   3.31   3.34   3.37   3.39
-100.00-100.00-100.00-100.00   3.32   3.31   3.33   3.35   3.37   3.38
-100.00-100.00-100.00   3.16   3.24   3.28   3.31   3.33   3.34   3.34
-100.00-100.00-100.00   3.13   3.20   3.24   3.27   3.29   3.29   3.29
-100.00-100.00-100.00   3.14   3.18   3.21   3.23   3.24   3.24   3.24
 S  27
-100.00-100.00-100.00-100.00-100.00-100.00-100.00-100.00  34.94  34.94
-100.00-100.00-100.00-100.00-100.00-100.00-100.00  34.94  34.95  34.95
-100.00-100.00-100.00-100.00-100.00-100.00  34.95  34.95  34.95  34.96
-100.00-100.00-100.00-100.00-100.00  34.95  34.96  34.96  34.96  34.96
-100.00-100.00-100.00-100.00-100.00  34.96  34.96  34.96  34.96  34.97
-100.00-100.00-100.00-100.00  34.96  34.96  34.96  34.97  34.97  34.97
-100.00-100.00-100.00-100.00  34.96  34.96  34.96  34.97  34.97  34.97
-100.00-100.00-100.00  34.95  34.96  34.96  34.97  34.97  34.97  34.97
-100.00-100.00-100.00  34.95  34.96  34.96  34.96  34.97  34.97  34.97
-100.00-100.00-100.00  34.96  34.96  34.96  34.96  34.96  34.97  34.97
 T  28
-100.00-100.00-100.00-100.00-100.00-100.00-100.00-100.00-100.00-100.00
-100.00-100.00-100.00-100.00-100.00-100.00-100.00   2.41   2.47   2.56
-100.00-100.00-100.00-100.00-100.00-100.00   2.49   2.56   2.63   2.71
-100.00-100.00-100.00-100.00-100.00-100.00   2.66   2.71   2.77   2.84
-100.00-100.00-100.00-100.00-100.00   2.76   2.78   2.83   2.88   2.93
-100.00-100.00-100.00-100.00   2.78   2.81   2.85   2.90   2.94   2.97
-100.00-100.00-100.00-100.00   2.81   2.83   2.88   2.92   2.95   2.97
-100.00-100.00-100.00-100.00   2.76   2.82   2.87   2.91   2.93   2.93
-100.00-100.00-100.00   2.61   2.72   2.79   2.84   2.87   2.88   2.88
-100.00-100.00-100.00   2.66   2.72   2.77   2.80   2.83   2.83   2.83
 S  28
-100.00-100.00-100.00-100.00-100.00-100.00-100.00-100.00-100.00-100.00
-100.00-100.00-100.00-100.00-100.00-100.00-100.00  34.91  34.92  34.92
-100.00-100.00-100.00-100.00-100.00-100.00  34.92  34.92  34.93  34.93
-100.00-100.00-100.00-100.00-100.00-100.00  34.93  34.93  34.94  34.94
-100.00-100.00-100.00-100.00-100.00  34.94  34.94  34.94  34.94  34.95
-100.00-100.00-100.00-100.00  34.94  34.94  34.94  34.94  34.95  34.95
-100.00-100.00-100.00-100.00  34.94  34.94  34.94  34.94  34.95  34.95
-100.00-100.00-100.00-100.00  34.94  34.94  34.94  34.94  34.95  34.95
-100.00-100.00-100.00  34.92  34.93  34.94  34.94  34.94  34.94  34.94
-100.00-100.00-100.00  34.93  34.93  34.94  34.94  34.94  34.94  34.94
 T  29
-100.00-100.00-100.00-100.00-100.00-100.00-100.00-100.00-100.00-100.00
-100.00-100.00-100.00-100.00-100.00-100.00-100.00-100.00-100.00   2.28
-100.00-100.00-100.00-100.00-100.00-100.00-100.00-100.00   2.38   2.40
-100.00-100.00-100.00-100.00-100.00-100.00   2.34   2.41   2.45   2.49
-100.00-100.00-100.00-100.00-100.00-100.00   2.45   2.48   2.52   2.55
-100.00-100.00-100.00-100.00-100.00   2.46   2.49   2.53   2.57   2.59
-100.00-100.00-100.00-100.00   2.39   2.46   2.51   2.56   2.59   2.60
-100.00-100.00-100.00-100.00   2.41   2.47   2.52   2.56   2.58   2.59
-100.00-100.00-100.00-100.00   2.41   2.46   2.51   2.55   2.56   2.56
-100.00-100.00-100.00   2.37   2.42   2.46   2.49   2.52   2.54   2.53
 S  29
-100.00-100.00-100.00-100.00-100.00-100.00-100.00-100.00-100.00-100.00
-100.00-100.00-100.00-100.00-100.00-100.00-100.00-100.00-100.00  34.91
-100.00-100.00-100.00-100.00-100.00-100.00-100.00-100.00  34.92  34.92
-100.00-100.00-100.00-100.00-100.00-100.00  34.92  34.92  34.92  34.92
-100.00-100.00-100.00-100.00-100.00-100.00  34.92  34.92  34.93  34.93
-100.00-100.00-100.00-100.00-100.00  34.92  34.92  34.93  34.93  34.93
-100.00-100.00-100.00-100.00  34.91  34.92  34.92  34.92  34.93  34.93
-100.00-100.00-100.00-100.00  34.91  34.92  34.92  34.92  34.93  34.93
-100.00-100.00-100.00-100.00  34.91  34.92  34.92  34.92  34.92  34.92
-100.00-100.00-100.00  34.91  34.91  34.91  34.92  34.92  34.92  34.92
 T  30
-100.00-100.00-100.00-100.00-100.00-100.00-100.00-100.00-100.00-100.00
-100.00-100.00-100.00-100.00-100.00-100.00-100.00-100.00-100.00-100.00
-100.00-100.00-100.00-100.00-100.00-100.00-100.00-100.00   2.23   2.26
-100.00-100.00-100.00-100.00-100.00-100.00-100.00   2.24   2.27   2.30
-100.00-100.00-100.00-100.00-100.00-100.00   2.25   2.29   2.32   2.34
-100.00-100.00-100.00-100.00-100.00   2.27   2.30   2.33   2.36   2.37
-100.00-100.00-100.00-100.00-100.00   2.32   2.34   2.36   2.38   2.39
-100.00-100.00-100.00-100.00   2.29   2.32   2.35   2.37   2.39   2.40
-100.00-100.00-100.00-100.00-100.00   2.33   2.35   2.37   2.38   2.39
-100.00-100.00-100.00-100.00   2.26   2.31   2.34   2.36   2.37   2.37
 S  30
-100.00-100.00-100.00-100.00-100.00-100.00-100.00-100.00-100.00-100.00
-100.00-100.00-100.00-100.00-100.00-100.00-100.00-100.00-100.00-100.00
-100.00-100.00-100.00-100.00-100.00-100.00-100.00-100.00  34.91  34.91
-100.00-100.00-100.00-100.00-100.00-100.00-100.00  34.90  34.91  34.91
-100.00-100.00-100.00-100.00-100.00-100.00  34.90  34.91  34.91  34.91
-100.00-100.00-100.00-100.00-100.00  34.90  34.90  34.91  34.91  34.91
-100.00-100.00-100.00-100.00-100.00  34.90  34.91  34.91  34.91  34.91
-100.00-100.00-100.00-100.00  34.90  34.90  34.91  34.91  34.91  34.91
-100.00-100.00-100.00-100.00-100.00  34.90  34.91  34.91  34.91  34.91
-100.00-100.00-100.00-100.00  34.90  34.90  34.91  34.91  34.91  34.91
 T  31
-100.00-100.00-100.00-100.00-100.00-100.00-100.00-100.00-100.00-100.00
-100.00-100.00-100.00-100.00-100.00-100.00-100.00-100.00-100.00-100.00
-100.00-100.00-100.00-100.00-100.00-100.00-100.00-100.00-100.00-100.00
-100.00-100.00-100.00-100.00-100.00-100.00-100.00-100.00-100.00   2.24
-100.00-100.00-100.00-100.00-100.00-100.00-100.00   2.19   2.25   2.27
-100.00-100.00-100.00-100.00-100.00-100.00   2.28   2.27   2.29   2.30
-100.00-100.00-100.00-100.00-100.00   2.30   2.30   2.30   2.31   2.32
-100.00-100.00-100.00-100.00-100.00   2.30   2.31   2.32   2.33   2.33
-100.00-100.00-100.00-100.00-100.00   2.28   2.30   2.32   2.33   2.33
-100.00-100.00-100.00-100.00   2.25   2.28   2.30   2.31   2.32   2.32
 S  31
-100.00-100.00-100.00-100.00-100.00-100.00-100.00-100.00-100.00-100.00
-100.00-100.00-100.00-100.00-100.00-100.00-100.00-100.00-100.00-100.00
-100.00-100.00-100.00-100.00-100.00-100.00-100.00-100.00-100.00-100.00
-100.00-100.00-100.00-100.00-100.00-100.00-100.00-100.00-100.00  34.89
-100.00-100.00-100.00-100.00-100.00-100.00-100.00  34.88  34.89  34.90
-100.00-100.00-100.00-100.00-100.00-100.00  34.89  34.89  34.90  34.90
-100.00-100.00-100.00-100.00-100.00  34.90  34.90  34.90  34.90  34.90
-100.00-100.00-100.00-100.00-100.00  34.90  34.90  34.90  34.90  34.90
-100.00-100.00-100.00-100.00-100.00  34.90  34.90  34.90  34.90  34.90
-100.00-100.00-100.00-100.00  34.89  34.90  34.90  34.90  34.90  34.90
 T  32
-100.00-100.00-100.00-100.00-100.00-100.00-100.00-100.00-100.00-100.00
-100.00-100.00-100.00-100.00-100.00-100.00-100.00-100.00-100.00-100.00
-100.00-100.00-100.00-100.00-100.00-100.00-100.00-100.00-100.00-100.00
-100.00-100.00-100.00-100.00-100.00-100.00-100.00-100.00-100.00-100.00
-100.00-100.00-100.00-100.00-100.00-100.00-100.00-100.00-100.00-100.00
-100.00-100.00-100.00-100.00-100.00-100.00-100.00-100.00   2.33   2.32
-100.00-100.00-100.00-100.00-100.00-100.00   2.30   2.31   2.31   2.31
-100.00-100.00-100.00-100.00-100.00-100.00   2.28   2.30   2.30   2.29
-100.00-100.00-100.00-100.00-100.00   2.26   2.28   2.29   2.29   2.28
-100.00-100.00-100.00-100.00-100.00-100.00   2.28   2.28   2.28   2.27
 S  32
-100.00-100.00-100.00-100.00-100.00-100.00-100.00-100.00-100.00-100.00
-100.00-100.00-100.00-100.00-100.00-100.00-100.00-100.00-100.00-100.00
-100.00-100.00-100.00-100.00-100.00-100.00-100.00-100.00-100.00-100.00
-100.00-100.00-100.00-100.00-100.00-100.00-100.00-100.00-100.00-100.00
-100.00-100.00-100.00-100.00-100.00-100.00-100.00-100.00-100.00-100.00
-100.00-100.00-100.00-100.00-100.00-100.00-100.00-100.00  34.90  34.89
-100.00-100.00-100.00-100.00-100.00-100.00  34.90  34.90  34.90  34.89
-100.00-100.00-100.00-100.00-100.00-100.00  34.89  34.89  34.89  34.89
-100.00-100.00-100.00-100.00-100.00  34.89  34.89  34.89  34.89  34.89
-100.00-100.00-100.00-100.00-100.00-100.00  34.89  34.89  34.89  34.89
 T  33
-100.00-100.00-100.00-100.00-100.00-100.00-100.00-100.00-100.00-100.00
-100.00-100.00-100.00-100.00-100.00-100.00-100.00-100.00-100.00-100.00
-100.00-100.00-100.00-100.00-100.00-100.00-100.00-100.00-100.00-100.00
-100.00-100.00-100.00-100.00-100.00-100.00-100.00-100.00-100.00-100.00
-100.00-100.00-100.00-100.00-100.00-100.00-100.00-100.00-100.00-100.00
-100.00-100.00-100.00-100.00-100.00-100.00-100.00-100.00-100.00-100.00
-100.00-100.00-100.00-100.00-100.00-100.00-100.00-100.00   2.10   2.11
-100.00-100.00-100.00-100.00-100.00-100.00-100.00   2.08   2.06   2.04
-100.00-100.00-100.00-100.00-100.00-100.00-100.00   2.00   2.02   2.01
-100.00-100.00-100.00-100.00-100.00-100.00-100.00   2.04   2.00   1.98
 S  33
-100.00-100.00-100.00-100.00-100.00-100.00-100.00-100.00-100.00-100.00
-100.00-100.00-100.00-100.00-100.00-100.00-100.00-100.00-100.00-100.00
-100.00-100.00-100.00-100.00-100.00-100.00-100.00-100.00-100.00-100.00
-100.00-100.00-100.00-100.00-100.00-100.00-100.00-100.00-100.00-100.00
-100.00-100.00-100.00-100.00-100.00-100.00-100.00-100.00-100.00-100.00
-100.00-100.00-100.00-100.00-100.00-100.00-100.00-100.00-100.00-100.00
-100.00-100.00-100.00-100.00-100.00-100.00-100.00-100.00  34.87  34.87
-100.00-100.00-100.00-100.00-100.00-100.00-100.00  34.87  34.87  34.87
-100.00-100.00-100.00-100.00-100.00-100.00-100.00  34.87  34.87  34.87
-100.00-100.00-100.00-100.00-100.00-100.00-100.00  34.88  34.87  34.87
