 LON  
 -79.00 -78.00 -77.00 -76.00 -75.00 -74.00 -73.00 -72.00 -71.00 -70.00
 -79.00 -78.00 -77.00 -76.00 -75.00 -74.00 -73.00 -72.00 -71.00 -70.00
 -79.00 -78.00 -77.00 -76.00 -75.00 -74.00 -73.00 -72.00 -71.00 -70.00
 -79.00 -78.00 -77.00 -76.00 -75.00 -74.00 -73.00 -72.00 -71.00 -70.00
 -79.00 -78.00 -77.00 -76.00 -75.00 -74.00 -73.00 -72.00 -71.00 -70.00
 -79.00 -78.00 -77.00 -76.00 -75.00 -74.00 -73.00 -72.00 -71.00 -70.00
 -79.00 -78.00 -77.00 -76.00 -75.00 -74.00 -73.00 -72.00 -71.00 -70.00
 -79.00 -78.00 -77.00 -76.00 -75.00 -74.00 -73.00 -72.00 -71.00 -70.00
 -79.00 -78.00 -77.00 -76.00 -75.00 -74.00 -73.00 -72.00 -71.00 -70.00
 -79.00 -78.00 -77.00 -76.00 -75.00 -74.00 -73.00 -72.00 -71.00 -70.00
 LAT  
  40.00  40.00  40.00  40.00  40.00  40.00  40.00  40.00  40.00  40.00
  39.00  39.00  39.00  39.00  39.00  39.00  39.00  39.00  39.00  39.00
  38.00  38.00  38.00  38.00  38.00  38.00  38.00  38.00  38.00  38.00
  37.00  37.00  37.00  37.00  37.00  37.00  37.00  37.00  37.00  37.00
  36.00  36.00  36.00  36.00  36.00  36.00  36.00  36.00  36.00  36.00
  35.00  35.00  35.00  35.00  35.00  35.00  35.00  35.00  35.00  35.00
  34.00  34.00  34.00  34.00  34.00  34.00  34.00  34.00  34.00  34.00
  33.00  33.00  33.00  33.00  33.00  33.00  33.00  33.00  33.00  33.00
  32.00  32.00  32.00  32.00  32.00  32.00  32.00  32.00  32.00  32.00
  31.00  31.00  31.00  31.00  31.00  31.00  31.00  31.00  31.00  31.00
 U-VEL
-100.00-100.00-100.00-100.00-100.00-100.00-100.00-100.00   3.82   4.40
-100.00-100.00-100.00-100.00-100.00-100.00   3.27   4.85   6.16   7.06
-100.00-100.00-100.00-100.00-100.00-100.00   6.16   7.57   8.81   9.77
-100.00-100.00-100.00-100.00-100.00   6.95   8.83  10.23  11.38  12.26
-100.00-100.00-100.00-100.00-100.00  11.38  11.69  12.62  13.52  14.20
-100.00-100.00-100.00-100.00  11.65   9.63   8.46   7.28   7.95   5.39
-100.00-100.00-100.00   1.46   2.70   3.73   4.56   5.21   5.65   5.87
-100.00-100.00  -2.44  -2.94  -3.75  -4.53  -5.16  -5.59  -5.82  -5.90
-100.00  -3.79  -3.57  -3.93   0.00   0.00  -5.41 -15.64  -5.72  -5.70
  -2.77  -3.49  -3.96  -4.44   0.00   0.00  -5.43  -5.52  -5.51  -5.45
 V-VEL
-100.00-100.00-100.00-100.00-100.00-100.00-100.00-100.00   3.82   4.40
-100.00-100.00-100.00-100.00-100.00-100.00   3.27   4.85   6.16   7.06
-100.00-100.00-100.00-100.00-100.00-100.00   6.16   7.57   8.81   9.77
-100.00-100.00-100.00-100.00-100.00   6.95   8.83  10.23  -1.38  -2.26
-100.00-100.00-100.00-100.00-100.00  11.38  11.69  12.62   0.00   0.00
-100.00-100.00-100.00-100.00  11.65   9.63   8.46   7.28   0.00   0.00
-100.00-100.00-100.00   1.46   2.70   3.73   4.56   5.21   0.00   0.00
-100.00-100.00  -2.44  -2.94  -3.75  -4.53  -5.16  -5.59   0.00   0.00
-100.00 -13.79 -13.57 -13.93 -14.48 -15.01 -15.41 -15.64  -5.72  -5.70
  -2.77  -3.49  -3.96  -4.44  -4.87  -5.21  -5.43  -5.52  -5.51  -5.45
