**************************************************
**************************************************
time = 0.012500, iint = 6, iexit = 30, iprint = 6
vtot = 620812367291.110596,atot = 540202617.112761
eaver = -0.009504,taver = 13.316695,saver=35.000000,saver = 21728432864687.960938,tsalt = 21728432864687.960938
**************************************************
**************************************************
time = 0.025000, iint = 12, iexit = 30, iprint = 6
vtot = 620812025951.884277,atot = 540202617.112761
eaver = -0.010136,taver = 13.339680,saver=35.000000,saver = 21728420909880.523438,tsalt = 21728420909880.523438
time = 2.500000e-02, iint = 12 ,iext = 30 , iprint = 6 
Depth-averaged u, uab                   
Time= 0.025000, multiply all values by 0.000100
5 , 0 
5 , 0 
5 , 0 
2 , 0 
2 , 2007 
2 , 4660 
Depth-averaged v, vab                   
Time= 0.025000, multiply all values by 0.000010
5 , 0 
5 , 0 
5 , 0 
2 , 0 
2 , 0 
2 , 0 
Surface elevation, elb                  
Time= 0.025000, multiply all values by 0.000010
5 , 0 
5 , 0 
5 , 0 
2 , 710 
2 , 765 
2 , 196 

psi =

   1.0e+06 *

         0         0         0         0         0
         0         0    1.1803         0         0
         0         0         0         0         0
         0         0         0         0         0
         0         0         0         0         0
         0         0         0         0         0
         0         0         0         0         0


psi =

   1.0e+06 *

         0         0         0         0         0
         0         0    1.1803         0         0
         0         0    1.1529         0         0
         0         0         0         0         0
         0         0         0         0         0
         0         0         0         0         0
         0         0         0         0         0


psi =

   1.0e+06 *

         0         0         0         0         0
         0         0    1.1803         0         0
         0         0    1.1529         0         0
         0         0    1.2020         0         0
         0         0         0         0         0
         0         0         0         0         0
         0         0         0         0         0


psi =

   1.0e+06 *

         0         0         0         0         0
         0         0    1.1803         0         0
         0         0    1.1529         0         0
         0         0    1.2020         0         0
         0         0    1.2347         0         0
         0         0         0         0         0
         0         0         0         0         0


psi =

   1.0e+06 *

         0         0         0         0         0
         0         0    1.1803         0         0
         0         0    1.1529         0         0
         0         0    1.2020         0         0
         0         0    1.2347         0         0
         0         0    1.2532         0         0
         0         0         0         0         0


psi =

   1.0e+06 *

         0         0         0         0         0
         0         0    1.1803         0         0
         0         0    1.1529         0         0
         0         0    1.2020         0         0
         0         0    1.2347         0         0
         0         0    1.2532         0         0
         0         0    1.1887         0         0


psi =

   1.0e+06 *

         0         0         0         0         0
         0         0    1.1803    2.2895         0
         0         0    1.1529         0         0
         0         0    1.2020         0         0
         0         0    1.2347         0         0
         0         0    1.2532         0         0
         0         0    1.1887         0         0


psi =

   1.0e+06 *

         0         0         0         0         0
         0         0    1.1803    2.2895         0
         0         0    1.1529    2.2249         0
         0         0    1.2020         0         0
         0         0    1.2347         0         0
         0         0    1.2532         0         0
         0         0    1.1887         0         0


psi =

   1.0e+06 *

         0         0         0         0         0
         0         0    1.1803    2.2895         0
         0         0    1.1529    2.2249         0
         0         0    1.2020    2.2253         0
         0         0    1.2347         0         0
         0         0    1.2532         0         0
         0         0    1.1887         0         0


psi =

   1.0e+06 *

         0         0         0         0         0
         0         0    1.1803    2.2895         0
         0         0    1.1529    2.2249         0
         0         0    1.2020    2.2253         0
         0         0    1.2347    2.2507         0
         0         0    1.2532         0         0
         0         0    1.1887         0         0


psi =

   1.0e+06 *

         0         0         0         0         0
         0         0    1.1803    2.2895         0
         0         0    1.1529    2.2249         0
         0         0    1.2020    2.2253         0
         0         0    1.2347    2.2507         0
         0         0    1.2532    2.3051         0
         0         0    1.1887         0         0


psi =

   1.0e+06 *

         0         0         0         0         0
         0         0    1.1803    2.2895         0
         0         0    1.1529    2.2249         0
         0         0    1.2020    2.2253         0
         0         0    1.2347    2.2507         0
         0         0    1.2532    2.3051         0
         0         0    1.1887    2.3020         0


psi =

   1.0e+06 *

         0         0         0         0         0
         0         0    1.1803    2.2895    3.8881
         0         0    1.1529    2.2249         0
         0         0    1.2020    2.2253         0
         0         0    1.2347    2.2507         0
         0         0    1.2532    2.3051         0
         0         0    1.1887    2.3020         0


psi =

   1.0e+06 *

         0         0         0         0         0
         0         0    1.1803    2.2895    3.8881
         0         0    1.1529    2.2249    3.8872
         0         0    1.2020    2.2253         0
         0         0    1.2347    2.2507         0
         0         0    1.2532    2.3051         0
         0         0    1.1887    2.3020         0


psi =

   1.0e+06 *

         0         0         0         0         0
         0         0    1.1803    2.2895    3.8881
         0         0    1.1529    2.2249    3.8872
         0         0    1.2020    2.2253    3.8984
         0         0    1.2347    2.2507         0
         0         0    1.2532    2.3051         0
         0         0    1.1887    2.3020         0


psi =

   1.0e+06 *

         0         0         0         0         0
         0         0    1.1803    2.2895    3.8881
         0         0    1.1529    2.2249    3.8872
         0         0    1.2020    2.2253    3.8984
         0         0    1.2347    2.2507    3.8832
         0         0    1.2532    2.3051         0
         0         0    1.1887    2.3020         0


psi =

   1.0e+06 *

         0         0         0         0         0
         0         0    1.1803    2.2895    3.8881
         0         0    1.1529    2.2249    3.8872
         0         0    1.2020    2.2253    3.8984
         0         0    1.2347    2.2507    3.8832
         0         0    1.2532    2.3051    3.8953
         0         0    1.1887    2.3020         0


psi =

   1.0e+06 *

         0         0         0         0         0
         0         0    1.1803    2.2895    3.8881
         0         0    1.1529    2.2249    3.8872
         0         0    1.2020    2.2253    3.8984
         0         0    1.2347    2.2507    3.8832
         0         0    1.2532    2.3051    3.8953
         0         0    1.1887    2.3020    3.8936

Streamfunction, psi from u              
Time= 0.025000, multiply all values by 1000.000000
5 , 0 
5 , 3894 
5 , 3898 
2 , 0 
2 , 0 
2 , 0 

psi =

   1.0e+06 *

         0         0         0         0         0
         0         0    1.1803    2.2895    3.8881
         0         0    1.1529    2.2249    3.8872
         0         0    1.2020    2.2253    3.8984
         0         0    1.2347    2.2507    3.8832
         0         0    1.2532    2.3051    3.8953
         0         0    1.1887    2.3020    3.8936


psi =

   1.0e+06 *

         0         0         0         0         0
         0         0    1.1803    2.2895    3.8881
         0         0    1.1529    2.2249    3.8872
         0         0    1.2020    2.2253    3.8984
         0         0    1.2347    2.2507    3.8832
         0         0    1.2532    2.3051    3.8953
         0         0    1.1887    2.3020    3.8936


psi =

   1.0e+06 *

         0         0         0         0         0
         0         0    1.1803    2.2895    3.8881
         0         0    1.1529    2.2249    3.8872
         0         0    1.2020    2.2253    3.8984
         0         0    1.2347    2.2507    3.8832
         0         0    1.2532    2.3051    3.8953
         0         0    1.1887    2.3020    3.8936


psi =

   1.0e+06 *

         0         0         0         0         0
         0         0    1.1803    2.2895    3.8881
         0         0    1.1529    2.2249    3.8872
         0         0    1.2020    2.2253    3.8984
         0         0    1.2347    2.2507    3.8832
         0         0    1.2532    2.3051    3.8953
         0         0    1.1887    2.3020    3.8936


psi =

   1.0e+06 *

         0         0         0         0         0
         0         0    1.1803    2.2895    3.8881
         0         0    1.1529    2.2249    3.8872
         0         0    1.2020    2.2253    3.8984
         0         0    1.2347    2.2507    3.8832
         0         0    1.2532    2.3051    3.8953
         0         0    1.1887    2.3020    3.8936


psi =

   1.0e+06 *

         0         0         0         0         0
         0         0    1.1803    2.2895    3.8881
         0         0    1.1530    2.2249    3.8872
         0         0    1.2020    2.2253    3.8984
         0         0    1.2347    2.2507    3.8832
         0         0    1.2532    2.3051    3.8953
         0         0    1.1887    2.3020    3.8936


psi =

   1.0e+06 *

         0         0         0         0         0
         0         0    1.1803    2.2895    3.8881
         0         0    1.1530    2.2249    3.8872
         0         0    1.1994    2.2253    3.8984
         0         0    1.2347    2.2507    3.8832
         0         0    1.2532    2.3051    3.8953
         0         0    1.1887    2.3020    3.8936


psi =

   1.0e+06 *

         0         0         0         0         0
         0         0    1.1803    2.2895    3.8881
         0         0    1.1530    2.2249    3.8872
         0         0    1.1994    2.2253    3.8984
         0         0    1.2373    2.2507    3.8832
         0         0    1.2532    2.3051    3.8953
         0         0    1.1887    2.3020    3.8936


psi =

   1.0e+06 *

         0         0         0         0         0
         0         0    1.1803    2.2895    3.8881
         0         0    1.1530    2.2249    3.8872
         0         0    1.1994    2.2253    3.8984
         0         0    1.2373    2.2507    3.8832
         0         0    1.2523    2.3051    3.8953
         0         0    1.1887    2.3020    3.8936


psi =

   1.0e+06 *

         0         0         0         0         0
         0         0    1.1803    2.2895    3.8881
         0         0    1.1530    2.2249    3.8872
         0         0    1.1994    2.2253    3.8984
         0         0    1.2373    2.2507    3.8832
         0         0    1.2523    2.3051    3.8953
         0         0    1.1880    2.3020    3.8936


psi =

   1.0e+06 *

         0         0         0         0         0
         0         0    1.1803    2.2895    3.8881
         0         0    1.1530    2.2254    3.8872
         0         0    1.1994    2.2253    3.8984
         0         0    1.2373    2.2507    3.8832
         0         0    1.2523    2.3051    3.8953
         0         0    1.1880    2.3020    3.8936


psi =

   1.0e+06 *

         0         0         0         0         0
         0         0    1.1803    2.2895    3.8881
         0         0    1.1530    2.2254    3.8872
         0         0    1.1994    2.2177    3.8984
         0         0    1.2373    2.2507    3.8832
         0         0    1.2523    2.3051    3.8953
         0         0    1.1880    2.3020    3.8936


psi =

   1.0e+06 *

         0         0         0         0         0
         0         0    1.1803    2.2895    3.8881
         0         0    1.1530    2.2254    3.8872
         0         0    1.1994    2.2177    3.8984
         0         0    1.2373    2.2528    3.8832
         0         0    1.2523    2.3051    3.8953
         0         0    1.1880    2.3020    3.8936


psi =

   1.0e+06 *

         0         0         0         0         0
         0         0    1.1803    2.2895    3.8881
         0         0    1.1530    2.2254    3.8872
         0         0    1.1994    2.2177    3.8984
         0         0    1.2373    2.2528    3.8832
         0         0    1.2523    2.2990    3.8953
         0         0    1.1880    2.3020    3.8936


psi =

   1.0e+06 *

         0         0         0         0         0
         0         0    1.1803    2.2895    3.8881
         0         0    1.1530    2.2254    3.8872
         0         0    1.1994    2.2177    3.8984
         0         0    1.2373    2.2528    3.8832
         0         0    1.2523    2.2990    3.8953
         0         0    1.1880    2.2971    3.8936


psi =

   1.0e+06 *

         0         0         0         0         0
         0         0    1.1803    2.2895    3.8881
         0         0    1.1530    2.2254    3.8881
         0         0    1.1994    2.2177    3.8984
         0         0    1.2373    2.2528    3.8832
         0         0    1.2523    2.2990    3.8953
         0         0    1.1880    2.2971    3.8936


psi =

   1.0e+06 *

         0         0         0         0         0
         0         0    1.1803    2.2895    3.8881
         0         0    1.1530    2.2254    3.8881
         0         0    1.1994    2.2177    3.8881
         0         0    1.2373    2.2528    3.8832
         0         0    1.2523    2.2990    3.8953
         0         0    1.1880    2.2971    3.8936


psi =

   1.0e+06 *

         0         0         0         0         0
         0         0    1.1803    2.2895    3.8881
         0         0    1.1530    2.2254    3.8881
         0         0    1.1994    2.2177    3.8881
         0         0    1.2373    2.2528    3.8881
         0         0    1.2523    2.2990    3.8953
         0         0    1.1880    2.2971    3.8936


psi =

   1.0e+06 *

         0         0         0         0         0
         0         0    1.1803    2.2895    3.8881
         0         0    1.1530    2.2254    3.8881
         0         0    1.1994    2.2177    3.8881
         0         0    1.2373    2.2528    3.8881
         0         0    1.2523    2.2990    3.8881
         0         0    1.1880    2.2971    3.8936


psi =

   1.0e+06 *

         0         0         0         0         0
         0         0    1.1803    2.2895    3.8881
         0         0    1.1530    2.2254    3.8881
         0         0    1.1994    2.2177    3.8881
         0         0    1.2373    2.2528    3.8881
         0         0    1.2523    2.2990    3.8881
         0         0    1.1880    2.2971    3.8881

Streamfunction, psi from v              
Time= 0.025000, multiply all values by 1000.000000
5 , 0 
5 , 3888 
5 , 3888 
2 , 0 
2 , 0 
2 , 0 
x-velocity, u                           
Time= 0.025000, multiply all values by 0.000100
Layer k = 1 
1        7            4
5 , 0 
5 , 0 
5 , 0 
2 , 0 
2 , 2215 
2 , 4430 
//y-velocity, v                           
Time= 0.025000, multiply all values by 0.000010
Layer k = 1 
1        7            4
5 , 0 
5 , 0 
5 , 0 
2 , 0 
2 , 0 
2 , 0 
//z-velocity, w                           
Time= 0.025000, multiply all values by 0.000000
Layer k = 2 
1        7            4
5 , 0 
5 , 0 
5 , 0 
2 , 0 
2 , 0 
2 , 159 
//Potential temperature, t                
Time= 0.025000, multiply all values by 0.010000
Layer k = 1 
1        7            4
5 , 0 
5 , 0 
5 , 0 
2 , 1927 
2 , 1929 
2 , 1977 
//Salinity, s                              
Time= 0.025000, multiply all values by 0.010000
Layer k = 1 
1        7            4
5 , 0 
5 , 0 
5 , 0 
2 , 3500 
2 , 3500 
2 , 3500 
//(density-1000)/rhoref, rho              
Time= 0.025000, multiply all values by 0.000010
Layer k = 1 
1        7            4
5 , 0 
5 , 0 
5 , 0 
2 , 2455 
2 , 2455 
2 , 2429 
//Horizontal kinematic viscosity, aam     
Time= 0.025000, multiply all values by 0.100000
Layer k = 1 
1        7            4
5 , 5000 
5 , 5000 
5 , 5000 
2 , 5000 
2 , 5000 
2 , 1374 
//Vertical kinematic viscosity, km        
Time= 0.025000, multiply all values by 0.000001
Layer k = 1 
1        7            4
5 , 0 
5 , 0 
5 , 0 
2 , 5099 
2 , 2776 
2 , 7849 
//x-velocity, u                           
Time= 0.025000, multiply all values by 0.000100
Section j = 1 
i = 1 , d= 1 , z or zzi = 7 , d= 1 , z or zzi = 4 , d= 1 , z or zz1 , -0.027778  0
1 , -0.027778  0
1 , -0.027778  0
2 , -0.083333  0
2 , -0.083333  0
2 , -0.083333  0
3 , -0.333333  0
3 , -0.333333  0
3 , -0.333333  0
4 , -0.777778  0
4 , -0.777778  0
4 , -0.777778  0
5 , -1.222222  0
5 , -1.222222  0
5 , -1.222222  0
Section j = 2 
i = 1 , d= 1784 , z or zzi = 7 , d= 1784 , z or zzi = 4 , d= 562 , z or zz1 , -0.027778  0
1 , -0.027778  2215
1 , -0.027778  4430
2 , -0.083333  0
2 , -0.083333  2220
2 , -0.083333  4457
3 , -0.333333  0
3 , -0.333333  2205
3 , -0.333333  4540
4 , -0.777778  0
4 , -0.777778  2150
4 , -0.777778  4797
5 , -1.222222  0
5 , -1.222222  0
5 , -1.222222  0
Section j = 4 
i = 1 , d= 1784 , z or zzi = 7 , d= 1784 , z or zzi = 4 , d= 562 , z or zz1 , -0.027778  0
1 , -0.027778  2165
1 , -0.027778  4628
2 , -0.083333  0
2 , -0.083333  2159
2 , -0.083333  4613
3 , -0.333333  0
3 , -0.333333  2144
3 , -0.333333  4698
4 , -0.777778  0
4 , -0.777778  2090
4 , -0.777778  4960
5 , -1.222222  0
5 , -1.222222  0
5 , -1.222222  0
y-velocity, v                           
Time= 0.025000, multiply all values by 0.000010
Section j = 1 
i = 1 , d= 1 , z or zzi = 7 , d= 1 , z or zzi = 4 , d= 1 , z or zz1 , -0.027778  0
1 , -0.027778  0
1 , -0.027778  0
2 , -0.083333  0
2 , -0.083333  0
2 , -0.083333  0
3 , -0.333333  0
3 , -0.333333  0
3 , -0.333333  0
4 , -0.777778  0
4 , -0.777778  0
4 , -0.777778  0
5 , -1.222222  0
5 , -1.222222  0
5 , -1.222222  0
Section j = 2 
i = 1 , d= 1784 , z or zzi = 7 , d= 1784 , z or zzi = 4 , d= 562 , z or zz1 , -0.027778  0
1 , -0.027778  0
1 , -0.027778  0
2 , -0.083333  0
2 , -0.083333  0
2 , -0.083333  0
3 , -0.333333  0
3 , -0.333333  0
3 , -0.333333  0
4 , -0.777778  0
4 , -0.777778  0
4 , -0.777778  0
5 , -1.222222  0
5 , -1.222222  0
5 , -1.222222  0
Section j = 4 
i = 1 , d= 1784 , z or zzi = 7 , d= 1784 , z or zzi = 4 , d= 562 , z or zz1 , -0.027778  0
1 , -0.027778  0
1 , -0.027778  -1737
2 , -0.083333  0
2 , -0.083333  0
2 , -0.083333  -1727
3 , -0.333333  0
3 , -0.333333  0
3 , -0.333333  -1748
4 , -0.777778  0
4 , -0.777778  0
4 , -0.777778  -1778
5 , -1.222222  0
5 , -1.222222  0
5 , -1.222222  0
z-velocity, w                           
Time= 0.025000, multiply all values by 0.000000
Section j = 1 
i = 1 , d= 1 , z or zzi = 7 , d= 1 , z or zzi = 4 , d= 1 , z or zz1 , -0.000000  0
1 , -0.000000  0
1 , -0.000000  0
2 , -0.055556  0
2 , -0.055556  0
2 , -0.055556  0
3 , -0.111111  0
3 , -0.111111  0
3 , -0.111111  0
4 , -0.555556  0
4 , -0.555556  0
4 , -0.555556  0
5 , -1.000000  0
5 , -1.000000  0
5 , -1.000000  0
Section j = 2 
i = 1 , d= 1784 , z or zzi = 7 , d= 1784 , z or zzi = 4 , d= 562 , z or zz1 , -0.000000  0
1 , -0.000000  0
1 , -0.000000  0
2 , -0.055556  0
2 , -0.055556  0
2 , -0.055556  159
3 , -0.111111  0
3 , -0.111111  0
3 , -0.111111  318
4 , -0.555556  0
4 , -0.555556  0
4 , -0.555556  1125
5 , -1.000000  0
5 , -1.000000  0
5 , -1.000000  0
Section j = 4 
i = 1 , d= 1784 , z or zzi = 7 , d= 1784 , z or zzi = 4 , d= 562 , z or zz1 , -0.000000  0
1 , -0.000000  0
1 , -0.000000  0
2 , -0.055556  0
2 , -0.055556  0
2 , -0.055556  89
3 , -0.111111  0
3 , -0.111111  0
3 , -0.111111  163
4 , -0.555556  0
4 , -0.555556  0
4 , -0.555556  604
5 , -1.000000  0
5 , -1.000000  0
5 , -1.000000  0
Potential temperature, t                
Time= 0.025000, multiply all values by 0.010000
Section j = 1 
i = 1 , d= 1 , z or zzi = 7 , d= 1 , z or zzi = 4 , d= 1 , z or zz1 , -0.027778  0
1 , -0.027778  0
1 , -0.027778  0
2 , -0.083333  0
2 , -0.083333  0
2 , -0.083333  0
3 , -0.333333  0
3 , -0.333333  0
3 , -0.333333  0
4 , -0.777778  0
4 , -0.777778  0
4 , -0.777778  0
5 , -1.222222  0
5 , -1.222222  0
5 , -1.222222  0
Section j = 2 
i = 1 , d= 1784 , z or zzi = 7 , d= 1784 , z or zzi = 4 , d= 562 , z or zz1 , -0.027778  1927
1 , -0.027778  1929
1 , -0.027778  1977
2 , -0.083333  1793
2 , -0.083333  1797
2 , -0.083333  1931
3 , -0.333333  1328
3 , -0.333333  1340
3 , -0.333333  1741
4 , -0.777778  874
4 , -0.777778  890
4 , -0.777778  1465
5 , -1.222222  0
5 , -1.222222  0
5 , -1.222222  0
Section j = 4 
i = 1 , d= 1784 , z or zzi = 7 , d= 1784 , z or zzi = 4 , d= 562 , z or zz1 , -0.027778  1927
1 , -0.027778  1929
1 , -0.027778  1976
2 , -0.083333  1793
2 , -0.083333  1797
2 , -0.083333  1931
3 , -0.333333  1328
3 , -0.333333  1340
3 , -0.333333  1741
4 , -0.777778  874
4 , -0.777778  890
4 , -0.777778  1465
5 , -1.222222  0
5 , -1.222222  0
5 , -1.222222  0
Salinity, s                             
Time= 0.025000, multiply all values by 0.010000
Section j = 1 
i = 1 , d= 1 , z or zzi = 7 , d= 1 , z or zzi = 4 , d= 1 , z or zz1 , -0.027778  0
1 , -0.027778  0
1 , -0.027778  0
2 , -0.083333  0
2 , -0.083333  0
2 , -0.083333  0
3 , -0.333333  0
3 , -0.333333  0
3 , -0.333333  0
4 , -0.777778  0
4 , -0.777778  0
4 , -0.777778  0
5 , -1.222222  0
5 , -1.222222  0
5 , -1.222222  0
Section j = 2 
i = 1 , d= 1784 , z or zzi = 7 , d= 1784 , z or zzi = 4 , d= 562 , z or zz1 , -0.027778  3500
1 , -0.027778  3500
1 , -0.027778  3500
2 , -0.083333  3500
2 , -0.083333  3500
2 , -0.083333  3500
3 , -0.333333  3500
3 , -0.333333  3500
3 , -0.333333  3500
4 , -0.777778  3500
4 , -0.777778  3500
4 , -0.777778  3500
5 , -1.222222  0
5 , -1.222222  0
5 , -1.222222  0
Section j = 4 
i = 1 , d= 1784 , z or zzi = 7 , d= 1784 , z or zzi = 4 , d= 562 , z or zz1 , -0.027778  3500
1 , -0.027778  3500
1 , -0.027778  3500
2 , -0.083333  3500
2 , -0.083333  3500
2 , -0.083333  3500
3 , -0.333333  3500
3 , -0.333333  3500
3 , -0.333333  3500
4 , -0.777778  3500
4 , -0.777778  3500
4 , -0.777778  3500
5 , -1.222222  0
5 , -1.222222  0
5 , -1.222222  0
(density-1000)/rhoref, rho              
Time= 0.025000, multiply all values by 0.000010
Section j = 1 
i = 1 , d= 1 , z or zzi = 7 , d= 1 , z or zzi = 4 , d= 1 , z or zz1 , -0.027778  0
1 , -0.027778  0
1 , -0.027778  0
2 , -0.083333  0
2 , -0.083333  0
2 , -0.083333  0
3 , -0.333333  0
3 , -0.333333  0
3 , -0.333333  0
4 , -0.777778  0
4 , -0.777778  0
4 , -0.777778  0
5 , -1.222222  0
5 , -1.222222  0
5 , -1.222222  0
Section j = 2 
i = 1 , d= 1784 , z or zzi = 7 , d= 1784 , z or zzi = 4 , d= 562 , z or zz1 , -0.027778  2455
1 , -0.027778  2455
1 , -0.027778  2429
2 , -0.083333  2531
2 , -0.083333  2530
2 , -0.083333  2453
3 , -0.333333  2827
3 , -0.333333  2824
3 , -0.333333  2560
4 , -0.777778  3257
4 , -0.777778  3254
4 , -0.777778  2730
5 , -1.222222  0
5 , -1.222222  0
5 , -1.222222  0
Section j = 4 
i = 1 , d= 1784 , z or zzi = 7 , d= 1784 , z or zzi = 4 , d= 562 , z or zz1 , -0.027778  2455
1 , -0.027778  2455
1 , -0.027778  2429
2 , -0.083333  2531
2 , -0.083333  2530
2 , -0.083333  2453
3 , -0.333333  2827
3 , -0.333333  2824
3 , -0.333333  2560
4 , -0.777778  3257
4 , -0.777778  3254
4 , -0.777778  2730
5 , -1.222222  0
5 , -1.222222  0
5 , -1.222222  0

amx =

   1.0000e-12

x-velocity, u                           
Time= 0.025000, multiply all values by 0.000100
Section i = 1 
                   1                   5                   3     10000 
     10000 
  17066755 
1 -2.777778e-02 0 
1 -2.777778e-02 0 
1 -2.777778e-02 0 
2 -8.333333e-02 0 
2 -8.333333e-02 0 
2 -8.333333e-02 0 
3 -3.333333e-01 0 
3 -3.333333e-01 0 
3 -3.333333e-01 0 
4 -7.777778e-01 0 
4 -7.777778e-01 0 
4 -7.777778e-01 0 
5 -1.222222e+00 0 
5 -1.222222e+00 0 
5 -1.222222e+00 0 
//Section i = 3 
                   1                   5                   3     10000 
     10000 
   5574752 
1 -2.777778e-02 0 
1 -2.777778e-02 0 
1 -2.777778e-02 3565 
2 -8.333333e-02 0 
2 -8.333333e-02 0 
2 -8.333333e-02 3562 
3 -3.333333e-01 0 
3 -3.333333e-01 0 
3 -3.333333e-01 3504 
4 -7.777778e-01 0 
4 -7.777778e-01 0 
4 -7.777778e-01 3317 
5 -1.222222e+00 0 
5 -1.222222e+00 0 
5 -1.222222e+00 0 
//Section i = 6 
                   1                   5                   3     10000 
     10000 
   9395206 
1 -2.777778e-02 0 
1 -2.777778e-02 0 
1 -2.777778e-02 3430 
2 -8.333333e-02 0 
2 -8.333333e-02 0 
2 -8.333333e-02 3428 
3 -3.333333e-01 0 
3 -3.333333e-01 0 
3 -3.333333e-01 3396 
4 -7.777778e-01 0 
4 -7.777778e-01 0 
4 -7.777778e-01 3281 
5 -1.222222e+00 0 
5 -1.222222e+00 0 
5 -1.222222e+00 0 
//
amx =

   1.0000e-12

y-velocity, v                           
Time= 0.025000, multiply all values by 0.000001
Section i = 1 
                   1                   5                   3   1000000 
   1000000 
1706675513 
1 -2.777778e-02 0 
1 -2.777778e-02 0 
1 -2.777778e-02 0 
2 -8.333333e-02 0 
2 -8.333333e-02 0 
2 -8.333333e-02 0 
3 -3.333333e-01 0 
3 -3.333333e-01 0 
3 -3.333333e-01 0 
4 -7.777778e-01 0 
4 -7.777778e-01 0 
4 -7.777778e-01 0 
5 -1.222222e+00 0 
5 -1.222222e+00 0 
5 -1.222222e+00 0 
//Section i = 3 
                   1                   5                   3   1000000 
   1000000 
 557475174 
1 -2.777778e-02 0 
1 -2.777778e-02 0 
1 -2.777778e-02 -10668 
2 -8.333333e-02 0 
2 -8.333333e-02 0 
2 -8.333333e-02 -10919 
3 -3.333333e-01 0 
3 -3.333333e-01 0 
3 -3.333333e-01 -13944 
4 -7.777778e-01 0 
4 -7.777778e-01 0 
4 -7.777778e-01 -23546 
5 -1.222222e+00 0 
5 -1.222222e+00 0 
5 -1.222222e+00 0 
//Section i = 6 
                   1                   5                   3   1000000 
   1000000 
 939520571 
1 -2.777778e-02 0 
1 -2.777778e-02 0 
1 -2.777778e-02 6225 
2 -8.333333e-02 0 
2 -8.333333e-02 0 
2 -8.333333e-02 6286 
3 -3.333333e-01 0 
3 -3.333333e-01 0 
3 -3.333333e-01 8232 
4 -7.777778e-01 0 
4 -7.777778e-01 0 
4 -7.777778e-01 13905 
5 -1.222222e+00 0 
5 -1.222222e+00 0 
5 -1.222222e+00 0 
//
amx =

   1.0000e-12

z-velocity, w                           
Time= 0.025000, multiply all values by 0.000001
Section i = 1 
                   1                   5                   3   1000000 
   1000000 
1706675513 
1 -2.777778e-02 0 
1 -2.777778e-02 0 
1 -2.777778e-02 0 
2 -8.333333e-02 0 
2 -8.333333e-02 0 
2 -8.333333e-02 0 
3 -3.333333e-01 0 
3 -3.333333e-01 0 
3 -3.333333e-01 0 
4 -7.777778e-01 0 
4 -7.777778e-01 0 
4 -7.777778e-01 0 
5 -1.222222e+00 0 
5 -1.222222e+00 0 
5 -1.222222e+00 0 
//Section i = 3 
                   1                   5                   3   1000000 
   1000000 
 557475174 
1 -2.777778e-02 0 
1 -2.777778e-02 0 
1 -2.777778e-02 0 
2 -8.333333e-02 0 
2 -8.333333e-02 0 
2 -8.333333e-02 -307 
3 -3.333333e-01 0 
3 -3.333333e-01 0 
3 -3.333333e-01 -604 
4 -7.777778e-01 0 
4 -7.777778e-01 0 
4 -7.777778e-01 -1953 
5 -1.222222e+00 0 
5 -1.222222e+00 0 
5 -1.222222e+00 0 
//Section i = 6 
                   1                   5                   3   1000000 
   1000000 
 939520571 
1 -2.777778e-02 0 
1 -2.777778e-02 0 
1 -2.777778e-02 0 
2 -8.333333e-02 0 
2 -8.333333e-02 0 
2 -8.333333e-02 89 
3 -3.333333e-01 0 
3 -3.333333e-01 0 
3 -3.333333e-01 177 
4 -7.777778e-01 0 
4 -7.777778e-01 0 
4 -7.777778e-01 555 
5 -1.222222e+00 0 
5 -1.222222e+00 0 
5 -1.222222e+00 0 
//Potential temperature, t                
Time= 0.025000, multiply all values by 0.010000
Section i = 1 
                   1                   5                   3       100 
       100 
    170668 
1 -2.777778e-02 0 
1 -2.777778e-02 0 
1 -2.777778e-02 1931 
2 -8.333333e-02 0 
2 -8.333333e-02 0 
2 -8.333333e-02 1801 
3 -3.333333e-01 0 
3 -3.333333e-01 0 
3 -3.333333e-01 1349 
4 -7.777778e-01 0 
4 -7.777778e-01 0 
4 -7.777778e-01 898 
5 -1.222222e+00 0 
5 -1.222222e+00 0 
5 -1.222222e+00 0 
//Section i = 3 
                   1                   5                   3       100 
       100 
     55748 
1 -2.777778e-02 0 
1 -2.777778e-02 0 
1 -2.777778e-02 1975 
2 -8.333333e-02 0 
2 -8.333333e-02 0 
2 -8.333333e-02 1927 
3 -3.333333e-01 0 
3 -3.333333e-01 0 
3 -3.333333e-01 1724 
4 -7.777778e-01 0 
4 -7.777778e-01 0 
4 -7.777778e-01 1435 
5 -1.222222e+00 0 
5 -1.222222e+00 0 
5 -1.222222e+00 0 
//Section i = 6 
                   1                   5                   3       100 
       100 
     93952 
1 -2.777778e-02 0 
1 -2.777778e-02 0 
1 -2.777778e-02 1963 
2 -8.333333e-02 0 
2 -8.333333e-02 0 
2 -8.333333e-02 1893 
3 -3.333333e-01 0 
3 -3.333333e-01 0 
3 -3.333333e-01 1614 
4 -7.777778e-01 0 
4 -7.777778e-01 0 
4 -7.777778e-01 1248 
5 -1.222222e+00 0 
5 -1.222222e+00 0 
5 -1.222222e+00 0 